Plate	Time	A1	A2	A3	A4	A5	A6	A7	A8	A9	A10	A11	A12	B1	B2	B3	B4	B5	B6	B7	B8	B9	B10	B11	B12	C1	C2	C3	C4	C5	C6	C7	C8	C9	C10	C11	C12	D1	D2	D3	D4	D5	D6	D7	D8	D9	D10	D11	D12	E1	E2	E3	E4	E5	E6	E7	E8	E9	E10	E11	E12	F1	F2	F3	F4	F5	F6	F7	F8	F9	F10	F11	F12	G1	G2	G3	G4	G5	G6	G7	G8	G9	G10	G11	G12	H1	H2	H3	H4	H5	H6	H7	H8	H9	H10	H11	H12
Plate_1	0	0.261	0.268	0.273	0.252	0.279	0.26	0.278	0.27	0.169	0.26	0.265	0.264	0.274	0.281	0.269	0.25	0.258	0.249	0.255	0.238	0.168	0.272	0.274	0.271	0.26	0.273	0.274	0.281	0.262	0.266	0.247	0.277	0.164	0.265	0.278	0.236	0.279	0.295	0.276	0.247	0.252	0.249	0.252	0.235	0.172	0.241	0.218	0.252	0.29	0.286	0.276	0.24	0.271	0.277	0.29	0.288	0.164	0.274	0.275	0.281	0.283	0.298	0.289	0.238	0.265	0.256	0.273	0.279	0.195	0.274	0.27	0.271	0.279	0.277	0.253	0.234	0.27	0.266	0.265	0.257	0.173	0.297	0.269	0.271	0.292	0.281	0.281	0.235	0.239	0.347	0.251	0.248	0.174	0.271	0.275	0.308
Plate_1	1	0.328	0.391	0.402	0.309	0.449	0.438	0.413	0.441	0.165	0.382	0.437	0.454	0.369	0.44	0.414	0.344	0.445	0.434	0.445	0.413	0.191	0.389	0.442	0.438	0.334	0.4	0.462	0.387	0.451	0.462	0.381	0.459	0.192	0.405	0.391	0.364	0.393	0.423	0.432	0.37	0.411	0.42	0.437	0.359	0.198	0.337	0.296	0.365	0.427	0.438	0.439	0.341	0.483	0.513	0.491	0.513	0.176	0.372	0.388	0.435	0.42	0.514	0.502	0.34	0.446	0.406	0.452	0.419	0.211	0.386	0.379	0.429	0.395	0.413	0.391	0.272	0.442	0.44	0.406	0.397	0.167	0.417	0.397	0.411	0.397	0.427	0.406	0.282	0.375	0.567	0.367	0.394	0.168	0.394	0.411	0.461
Plate_1	2	0.418	0.515	0.527	0.42	0.603	0.587	0.531	0.564	0.164	0.505	0.598	0.545	0.483	0.595	0.573	0.483	0.567	0.559	0.559	0.503	0.164	0.485	0.551	0.558	0.467	0.555	0.579	0.536	0.573	0.579	0.505	0.545	0.159	0.49	0.534	0.495	0.526	0.602	0.567	0.475	0.54	0.575	0.62	0.507	0.164	0.464	0.441	0.547	0.539	0.58	0.565	0.428	0.56	0.584	0.567	0.553	0.16	0.504	0.522	0.532	0.531	0.607	0.62	0.421	0.523	0.478	0.51	0.528	0.192	0.482	0.502	0.535	0.519	0.56	0.532	0.372	0.554	0.569	0.573	0.547	0.165	0.542	0.542	0.559	0.524	0.567	0.548	0.388	0.536	0.734	0.528	0.566	0.166	0.522	0.587	0.627
Plate_1	3	0.45	0.554	0.573	0.502	0.662	0.631	0.591	0.601	0.163	0.552	0.636	0.614	0.496	0.631	0.614	0.556	0.63	0.607	0.614	0.557	0.167	0.556	0.611	0.654	0.497	0.608	0.643	0.601	0.635	0.642	0.567	0.617	0.159	0.568	0.603	0.564	0.54	0.657	0.662	0.564	0.613	0.663	0.721	0.557	0.163	0.528	0.494	0.627	0.531	0.64	0.625	0.509	0.63	0.646	0.611	0.62	0.16	0.578	0.598	0.603	0.542	0.649	0.649	0.5	0.593	0.553	0.576	0.601	0.192	0.56	0.579	0.604	0.532	0.622	0.593	0.453	0.621	0.628	0.633	0.6	0.165	0.608	0.6	0.63	0.536	0.631	0.616	0.475	0.584	0.809	0.581	0.649	0.165	0.583	0.646	0.672
Plate_1	4	0.453	0.626	0.664	0.538	0.704	0.681	0.677	0.689	0.163	0.634	0.675	0.719	0.484	0.705	0.688	0.613	0.687	0.653	0.687	0.62	0.163	0.652	0.699	0.756	0.487	0.684	0.719	0.648	0.704	0.702	0.636	0.708	0.158	0.666	0.713	0.667	0.525	0.734	0.728	0.602	0.653	0.681	0.77	0.597	0.163	0.592	0.532	0.733	0.524	0.728	0.709	0.565	0.712	0.718	0.715	0.727	0.16	0.679	0.692	0.703	0.541	0.734	0.739	0.555	0.66	0.634	0.667	0.697	0.192	0.644	0.682	0.691	0.522	0.706	0.645	0.512	0.692	0.686	0.694	0.661	0.165	0.69	0.673	0.715	0.523	0.692	0.673	0.534	0.628	0.856	0.64	0.732	0.165	0.659	0.71	0.725
Plate_1	5	0.49	0.703	0.732	0.59	0.752	0.732	0.74	0.742	0.163	0.703	0.724	0.764	0.517	0.754	0.747	0.674	0.745	0.723	0.736	0.708	0.162	0.717	0.745	0.781	0.514	0.739	0.784	0.703	0.762	0.757	0.72	0.766	0.158	0.73	0.765	0.741	0.55	0.798	0.789	0.648	0.73	0.743	0.78	0.67	0.163	0.677	0.61	0.764	0.556	0.787	0.766	0.621	0.772	0.77	0.767	0.794	0.16	0.763	0.755	0.739	0.581	0.782	0.8	0.617	0.739	0.713	0.733	0.76	0.191	0.747	0.747	0.737	0.543	0.767	0.731	0.572	0.759	0.75	0.755	0.733	0.165	0.774	0.747	0.761	0.547	0.753	0.738	0.598	0.708	0.852	0.709	0.789	0.165	0.726	0.775	0.781
Plate_1	6	0.55	0.739	0.755	0.651	0.768	0.763	0.751	0.757	0.162	0.726	0.734	0.773	0.575	0.767	0.763	0.721	0.759	0.756	0.761	0.738	0.162	0.738	0.755	0.79	0.57	0.76	0.798	0.753	0.787	0.789	0.746	0.777	0.158	0.751	0.774	0.739	0.609	0.799	0.803	0.716	0.76	0.794	0.807	0.742	0.162	0.733	0.687	0.772	0.609	0.794	0.782	0.693	0.795	0.784	0.793	0.785	0.159	0.765	0.767	0.75	0.642	0.79	0.804	0.685	0.774	0.754	0.754	0.765	0.192	0.766	0.753	0.74	0.589	0.781	0.774	0.655	0.794	0.777	0.761	0.745	0.165	0.784	0.766	0.771	0.589	0.777	0.777	0.676	0.75	0.848	0.74	0.806	0.163	0.755	0.784	0.787
Plate_1	7	0.622	0.748	0.766	0.692	0.783	0.773	0.759	0.776	0.162	0.743	0.744	0.788	0.644	0.78	0.779	0.748	0.768	0.764	0.778	0.749	0.166	0.752	0.77	0.799	0.638	0.772	0.808	0.766	0.795	0.793	0.763	0.788	0.158	0.769	0.776	0.759	0.674	0.809	0.809	0.757	0.773	0.797	0.782	0.752	0.162	0.739	0.696	0.786	0.661	0.802	0.791	0.739	0.802	0.798	0.801	0.795	0.159	0.781	0.771	0.758	0.707	0.794	0.816	0.735	0.788	0.757	0.772	0.77	0.191	0.771	0.763	0.754	0.641	0.788	0.779	0.72	0.801	0.787	0.781	0.751	0.164	0.8	0.768	0.773	0.641	0.781	0.779	0.725	0.751	0.855	0.747	0.814	0.162	0.767	0.786	0.796
Plate_1	8	0.695	0.764	0.777	0.71	0.795	0.784	0.774	0.787	0.162	0.76	0.759	0.803	0.713	0.794	0.794	0.764	0.783	0.77	0.785	0.767	0.161	0.774	0.778	0.812	0.71	0.784	0.818	0.778	0.809	0.809	0.778	0.801	0.158	0.784	0.788	0.782	0.741	0.818	0.82	0.771	0.792	0.809	0.792	0.767	0.162	0.762	0.72	0.8	0.713	0.809	0.803	0.764	0.812	0.808	0.814	0.808	0.159	0.792	0.778	0.774	0.765	0.804	0.823	0.753	0.795	0.776	0.783	0.788	0.192	0.783	0.779	0.765	0.697	0.801	0.791	0.74	0.811	0.797	0.786	0.764	0.165	0.811	0.778	0.785	0.695	0.79	0.791	0.739	0.765	0.859	0.759	0.809	0.161	0.785	0.795	0.804
Plate_1	9	0.755	0.779	0.788	0.727	0.804	0.79	0.783	0.79	0.162	0.776	0.77	0.81	0.771	0.805	0.808	0.776	0.793	0.784	0.798	0.782	0.161	0.784	0.788	0.822	0.767	0.797	0.835	0.79	0.823	0.818	0.79	0.811	0.158	0.791	0.797	0.793	0.796	0.827	0.832	0.785	0.806	0.821	0.801	0.78	0.162	0.772	0.74	0.813	0.763	0.818	0.81	0.777	0.822	0.816	0.826	0.817	0.159	0.8	0.796	0.779	0.809	0.817	0.831	0.764	0.804	0.79	0.79	0.802	0.191	0.798	0.788	0.772	0.751	0.81	0.805	0.75	0.821	0.802	0.795	0.78	0.164	0.82	0.794	0.794	0.751	0.805	0.805	0.751	0.777	0.859	0.775	0.822	0.16	0.804	0.805	0.811
Plate_1	10	0.795	0.787	0.793	0.738	0.807	0.8	0.786	0.799	0.161	0.779	0.776	0.816	0.81	0.81	0.814	0.782	0.802	0.794	0.805	0.792	0.16	0.791	0.793	0.824	0.811	0.804	0.839	0.797	0.826	0.823	0.794	0.82	0.158	0.795	0.807	0.8	0.836	0.835	0.836	0.792	0.809	0.823	0.811	0.788	0.161	0.783	0.753	0.821	0.799	0.824	0.819	0.783	0.828	0.822	0.831	0.834	0.159	0.8	0.803	0.785	0.842	0.822	0.833	0.779	0.812	0.797	0.801	0.807	0.192	0.805	0.788	0.777	0.797	0.816	0.809	0.762	0.83	0.809	0.806	0.788	0.164	0.822	0.799	0.796	0.793	0.814	0.815	0.761	0.784	0.858	0.783	0.829	0.16	0.802	0.813	0.815
Plate_1	11	0.824	0.798	0.798	0.746	0.802	0.801	0.79	0.802	0.161	0.784	0.778	0.819	0.838	0.814	0.816	0.79	0.808	0.803	0.803	0.8	0.16	0.792	0.802	0.823	0.838	0.808	0.842	0.798	0.829	0.829	0.798	0.824	0.157	0.802	0.808	0.804	0.86	0.835	0.845	0.799	0.819	0.832	0.81	0.796	0.161	0.789	0.761	0.821	0.827	0.827	0.819	0.786	0.827	0.826	0.836	0.834	0.158	0.803	0.801	0.788	0.863	0.821	0.836	0.783	0.821	0.805	0.809	0.808	0.191	0.81	0.794	0.777	0.831	0.817	0.813	0.77	0.831	0.813	0.806	0.785	0.163	0.821	0.801	0.798	0.827	0.814	0.819	0.768	0.791	0.854	0.786	0.828	0.16	0.799	0.823	0.825
Plate_1	12	0.843	0.796	0.798	0.749	0.802	0.802	0.787	0.801	0.16	0.78	0.776	0.819	0.856	0.812	0.812	0.788	0.809	0.803	0.808	0.799	0.159	0.793	0.8	0.822	0.858	0.804	0.84	0.799	0.83	0.835	0.798	0.824	0.157	0.801	0.801	0.803	0.88	0.833	0.844	0.804	0.824	0.833	0.811	0.801	0.161	0.79	0.766	0.819	0.845	0.826	0.817	0.793	0.83	0.828	0.838	0.833	0.158	0.803	0.806	0.787	0.878	0.819	0.836	0.789	0.822	0.814	0.811	0.812	0.19	0.813	0.796	0.779	0.856	0.817	0.818	0.775	0.83	0.819	0.806	0.788	0.163	0.821	0.799	0.798	0.85	0.815	0.822	0.771	0.793	0.85	0.787	0.83	0.159	0.801	0.812	0.822
Plate_1	13	0.852	0.795	0.798	0.752	0.795	0.798	0.783	0.794	0.16	0.777	0.772	0.817	0.865	0.81	0.811	0.787	0.81	0.805	0.807	0.798	0.159	0.789	0.791	0.816	0.867	0.799	0.837	0.797	0.828	0.827	0.794	0.823	0.157	0.798	0.799	0.803	0.887	0.825	0.843	0.805	0.82	0.832	0.813	0.799	0.16	0.79	0.765	0.82	0.855	0.824	0.813	0.795	0.828	0.825	0.835	0.827	0.158	0.8	0.803	0.788	0.885	0.818	0.831	0.791	0.825	0.812	0.811	0.807	0.191	0.81	0.795	0.779	0.873	0.815	0.814	0.775	0.827	0.814	0.806	0.784	0.162	0.819	0.798	0.797	0.865	0.812	0.818	0.77	0.793	0.842	0.788	0.83	0.159	0.804	0.804	0.819
Plate_1	14	0.857	0.796	0.798	0.753	0.795	0.793	0.785	0.791	0.159	0.778	0.769	0.811	0.871	0.806	0.811	0.788	0.812	0.804	0.81	0.791	0.158	0.787	0.787	0.813	0.871	0.798	0.831	0.795	0.825	0.823	0.793	0.818	0.156	0.798	0.797	0.799	0.888	0.821	0.836	0.802	0.82	0.824	0.814	0.798	0.16	0.787	0.764	0.817	0.861	0.819	0.808	0.792	0.825	0.821	0.829	0.821	0.157	0.798	0.799	0.785	0.888	0.813	0.825	0.787	0.818	0.807	0.805	0.804	0.19	0.806	0.798	0.776	0.882	0.809	0.81	0.773	0.823	0.813	0.8	0.781	0.162	0.819	0.797	0.794	0.874	0.809	0.816	0.769	0.791	0.836	0.782	0.821	0.158	0.8	0.799	0.815
Plate_1	15	0.858	0.794	0.795	0.752	0.793	0.787	0.782	0.79	0.158	0.774	0.765	0.805	0.869	0.805	0.809	0.786	0.809	0.8	0.803	0.788	0.158	0.786	0.781	0.809	0.872	0.795	0.828	0.793	0.821	0.819	0.788	0.818	0.155	0.796	0.792	0.798	0.887	0.819	0.832	0.799	0.813	0.826	0.81	0.794	0.159	0.784	0.759	0.811	0.864	0.816	0.806	0.79	0.823	0.817	0.823	0.817	0.157	0.794	0.797	0.782	0.888	0.811	0.822	0.784	0.818	0.806	0.804	0.798	0.189	0.805	0.795	0.772	0.886	0.808	0.806	0.772	0.821	0.809	0.796	0.778	0.162	0.813	0.795	0.79	0.877	0.806	0.812	0.768	0.79	0.831	0.781	0.82	0.158	0.799	0.795	0.815
Plate_1	16	0.858	0.793	0.792	0.75	0.793	0.789	0.779	0.788	0.158	0.773	0.764	0.801	0.868	0.802	0.806	0.784	0.805	0.798	0.798	0.79	0.157	0.78	0.775	0.805	0.869	0.793	0.826	0.791	0.814	0.812	0.786	0.813	0.155	0.793	0.79	0.795	0.883	0.816	0.828	0.794	0.812	0.82	0.805	0.791	0.159	0.784	0.757	0.81	0.865	0.81	0.804	0.787	0.819	0.816	0.823	0.817	0.156	0.791	0.793	0.777	0.887	0.809	0.819	0.781	0.815	0.804	0.803	0.798	0.188	0.802	0.792	0.77	0.887	0.805	0.804	0.77	0.817	0.803	0.798	0.778	0.161	0.81	0.792	0.788	0.88	0.807	0.809	0.768	0.786	0.827	0.779	0.821	0.157	0.795	0.795	0.814
Plate_1	17	0.862	0.792	0.792	0.749	0.792	0.791	0.778	0.783	0.157	0.769	0.762	0.8	0.869	0.8	0.803	0.784	0.801	0.794	0.794	0.781	0.157	0.774	0.773	0.803	0.868	0.788	0.822	0.788	0.813	0.812	0.785	0.804	0.154	0.783	0.782	0.793	0.882	0.811	0.825	0.791	0.806	0.817	0.804	0.79	0.158	0.782	0.754	0.804	0.867	0.806	0.8	0.787	0.816	0.812	0.822	0.812	0.155	0.786	0.789	0.774	0.885	0.803	0.815	0.78	0.812	0.808	0.803	0.795	0.188	0.799	0.785	0.767	0.888	0.8	0.803	0.77	0.822	0.803	0.793	0.775	0.161	0.802	0.79	0.786	0.881	0.8	0.813	0.768	0.786	0.825	0.778	0.82	0.157	0.793	0.789	0.81
Plate_1	18	0.866	0.787	0.79	0.747	0.79	0.783	0.778	0.782	0.157	0.77	0.76	0.796	0.871	0.796	0.797	0.784	0.799	0.789	0.791	0.778	0.156	0.769	0.769	0.799	0.869	0.786	0.817	0.787	0.806	0.806	0.779	0.802	0.153	0.778	0.779	0.791	0.883	0.811	0.823	0.79	0.806	0.812	0.802	0.782	0.157	0.777	0.754	0.803	0.87	0.801	0.795	0.785	0.808	0.808	0.812	0.809	0.155	0.779	0.785	0.775	0.883	0.801	0.812	0.777	0.808	0.796	0.794	0.792	0.188	0.793	0.781	0.769	0.888	0.8	0.797	0.768	0.813	0.797	0.79	0.776	0.16	0.799	0.787	0.782	0.883	0.796	0.803	0.769	0.78	0.823	0.771	0.821	0.157	0.791	0.791	0.811
Plate_1	19	0.872	0.789	0.793	0.746	0.789	0.78	0.778	0.78	0.156	0.767	0.764	0.796	0.876	0.795	0.796	0.783	0.798	0.79	0.786	0.774	0.156	0.767	0.766	0.802	0.873	0.788	0.814	0.786	0.802	0.802	0.775	0.795	0.153	0.773	0.776	0.79	0.887	0.809	0.817	0.786	0.803	0.802	0.796	0.779	0.157	0.773	0.753	0.803	0.874	0.8	0.791	0.781	0.805	0.803	0.808	0.804	0.154	0.777	0.777	0.776	0.882	0.796	0.806	0.776	0.802	0.793	0.791	0.787	0.186	0.783	0.78	0.769	0.889	0.802	0.794	0.767	0.806	0.793	0.787	0.774	0.16	0.799	0.785	0.779	0.886	0.796	0.8	0.769	0.776	0.822	0.773	0.82	0.156	0.784	0.787	0.811
Plate_1	20	0.877	0.793	0.796	0.744	0.788	0.777	0.779	0.777	0.156	0.763	0.763	0.793	0.881	0.794	0.794	0.784	0.796	0.789	0.787	0.772	0.155	0.766	0.763	0.801	0.877	0.788	0.813	0.787	0.799	0.797	0.775	0.793	0.153	0.77	0.775	0.791	0.89	0.81	0.815	0.786	0.799	0.8	0.793	0.778	0.156	0.77	0.753	0.803	0.878	0.796	0.79	0.781	0.804	0.8	0.805	0.802	0.154	0.774	0.775	0.777	0.883	0.8	0.805	0.776	0.8	0.789	0.787	0.787	0.187	0.781	0.778	0.772	0.892	0.802	0.793	0.768	0.805	0.791	0.785	0.774	0.159	0.796	0.782	0.779	0.891	0.796	0.8	0.769	0.777	0.822	0.774	0.822	0.156	0.782	0.786	0.81
Plate_1	21	0.884	0.792	0.797	0.742	0.789	0.783	0.778	0.777	0.156	0.764	0.765	0.795	0.886	0.799	0.796	0.784	0.795	0.784	0.786	0.77	0.155	0.764	0.762	0.802	0.881	0.79	0.812	0.787	0.798	0.794	0.775	0.793	0.152	0.767	0.773	0.791	0.894	0.807	0.814	0.785	0.795	0.797	0.785	0.774	0.156	0.77	0.754	0.805	0.881	0.794	0.788	0.779	0.801	0.797	0.803	0.799	0.154	0.774	0.772	0.78	0.887	0.801	0.803	0.776	0.798	0.787	0.785	0.785	0.187	0.777	0.776	0.775	0.895	0.804	0.793	0.768	0.8	0.789	0.788	0.776	0.159	0.796	0.779	0.777	0.895	0.795	0.8	0.773	0.777	0.823	0.772	0.824	0.156	0.78	0.788	0.812
Plate_1	22	0.89	0.795	0.801	0.741	0.788	0.782	0.783	0.779	0.155	0.764	0.77	0.795	0.891	0.8	0.8	0.784	0.793	0.785	0.787	0.772	0.155	0.766	0.762	0.803	0.887	0.793	0.812	0.787	0.796	0.793	0.776	0.791	0.152	0.766	0.771	0.793	0.9	0.811	0.811	0.783	0.796	0.796	0.789	0.776	0.155	0.768	0.756	0.803	0.886	0.794	0.786	0.78	0.8	0.795	0.801	0.8	0.153	0.772	0.774	0.784	0.889	0.802	0.803	0.776	0.796	0.787	0.783	0.786	0.186	0.776	0.778	0.776	0.897	0.807	0.791	0.77	0.802	0.787	0.788	0.779	0.159	0.795	0.779	0.779	0.899	0.799	0.802	0.775	0.778	0.824	0.774	0.826	0.156	0.779	0.787	0.812
Plate_1	23	0.901	0.799	0.802	0.742	0.787	0.783	0.782	0.779	0.155	0.766	0.771	0.797	0.901	0.803	0.799	0.784	0.79	0.783	0.788	0.773	0.154	0.763	0.764	0.804	0.897	0.795	0.808	0.788	0.795	0.792	0.776	0.793	0.152	0.767	0.771	0.794	0.909	0.813	0.811	0.783	0.793	0.797	0.787	0.777	0.155	0.767	0.756	0.806	0.888	0.801	0.791	0.78	0.796	0.793	0.799	0.8	0.153	0.77	0.775	0.786	0.894	0.807	0.802	0.777	0.794	0.787	0.783	0.788	0.186	0.778	0.779	0.779	0.9	0.807	0.792	0.772	0.802	0.788	0.788	0.78	0.158	0.795	0.781	0.78	0.903	0.799	0.803	0.777	0.778	0.824	0.774	0.828	0.155	0.779	0.787	0.814
Plate_1	24	0.911	0.799	0.804	0.745	0.787	0.784	0.782	0.781	0.158	0.767	0.77	0.801	0.91	0.806	0.801	0.787	0.792	0.785	0.788	0.775	0.156	0.765	0.765	0.806	0.907	0.799	0.812	0.789	0.797	0.792	0.778	0.793	0.154	0.766	0.771	0.797	0.919	0.816	0.815	0.783	0.793	0.798	0.788	0.777	0.157	0.768	0.758	0.806	0.893	0.803	0.793	0.782	0.797	0.796	0.8	0.799	0.156	0.77	0.776	0.788	0.9	0.807	0.806	0.778	0.794	0.789	0.784	0.79	0.188	0.775	0.783	0.781	0.906	0.809	0.795	0.773	0.803	0.789	0.79	0.783	0.161	0.797	0.782	0.784	0.907	0.8	0.804	0.782	0.781	0.826	0.775	0.83	0.158	0.781	0.792	0.816
Plate_2	0	0.258	0.255	0.263	0.262	0.24	0.226	0.241	0.248	0.243	0.242	0.248	0.245	0.241	0.253	0.258	0.243	0.242	0.228	0.233	0.251	0.24	0.239	0.237	0.23	0.234	0.256	0.243	0.23	0.237	0.225	0.236	0.246	0.235	0.229	0.237	0.23	0.237	0.243	0.226	0.243	0.223	0.221	0.228	0.215	0.223	0.222	0.223	0.215	0.252	0.252	0.262	0.269	0.243	0.225	0.246	0.259	0.249	0.25	0.267	0.234	0.239	0.247	0.257	0.242	0.237	0.214	0.236	0.25	0.236	0.232	0.243	0.236	0.26	0.248	0.263	0.26	0.243	0.213	0.253	0.255	0.243	0.241	0.256	0.245	0.254	0.261	0.25	0.238	0.223	0.205	0.244	0.224	0.26	0.24	0.237	0.262
Plate_2	1	0.38	0.364	0.367	0.385	0.319	0.283	0.325	0.341	0.328	0.292	0.328	0.332	0.341	0.375	0.381	0.37	0.326	0.294	0.307	0.326	0.314	0.302	0.308	0.299	0.328	0.359	0.343	0.326	0.298	0.27	0.298	0.322	0.301	0.278	0.296	0.299	0.314	0.315	0.317	0.366	0.296	0.287	0.29	0.256	0.283	0.258	0.28	0.26	0.348	0.357	0.364	0.39	0.328	0.261	0.314	0.348	0.31	0.298	0.355	0.3	0.335	0.331	0.357	0.331	0.28	0.236	0.285	0.314	0.285	0.262	0.307	0.296	0.367	0.341	0.39	0.371	0.299	0.237	0.351	0.343	0.341	0.283	0.338	0.334	0.39	0.351	0.376	0.333	0.273	0.23	0.32	0.277	0.339	0.28	0.312	0.373
Plate_2	2	0.516	0.498	0.53	0.536	0.485	0.397	0.511	0.502	0.492	0.371	0.465	0.504	0.484	0.544	0.551	0.548	0.491	0.442	0.466	0.49	0.483	0.404	0.462	0.462	0.468	0.512	0.496	0.496	0.464	0.377	0.466	0.484	0.455	0.373	0.486	0.468	0.474	0.461	0.475	0.538	0.482	0.429	0.475	0.382	0.441	0.35	0.455	0.423	0.485	0.533	0.542	0.573	0.52	0.359	0.477	0.51	0.446	0.395	0.525	0.457	0.482	0.495	0.526	0.5	0.407	0.293	0.424	0.476	0.436	0.317	0.469	0.43	0.523	0.512	0.573	0.564	0.47	0.307	0.573	0.515	0.518	0.364	0.525	0.521	0.534	0.502	0.629	0.517	0.421	0.29	0.503	0.429	0.493	0.353	0.507	0.558
Plate_2	3	0.577	0.577	0.63	0.647	0.609	0.489	0.627	0.599	0.577	0.448	0.559	0.611	0.546	0.572	0.628	0.639	0.592	0.543	0.558	0.605	0.594	0.482	0.57	0.561	0.515	0.578	0.573	0.579	0.585	0.49	0.54	0.579	0.56	0.447	0.548	0.565	0.539	0.537	0.557	0.61	0.6	0.531	0.555	0.51	0.546	0.436	0.549	0.517	0.557	0.601	0.616	0.654	0.632	0.46	0.568	0.619	0.556	0.484	0.643	0.557	0.551	0.578	0.637	0.617	0.511	0.373	0.51	0.593	0.546	0.398	0.564	0.609	0.589	0.598	0.638	0.674	0.616	0.401	0.722	0.622	0.621	0.455	0.612	0.611	0.596	0.575	0.725	0.603	0.529	0.374	0.595	0.516	0.576	0.436	0.589	0.642
Plate_2	4	0.651	0.639	0.722	0.761	0.666	0.522	0.726	0.676	0.653	0.509	0.655	0.703	0.615	0.62	0.695	0.71	0.651	0.572	0.649	0.678	0.655	0.541	0.643	0.639	0.569	0.648	0.62	0.664	0.639	0.538	0.621	0.649	0.643	0.492	0.602	0.666	0.595	0.591	0.6	0.698	0.659	0.56	0.646	0.563	0.606	0.494	0.607	0.615	0.639	0.654	0.698	0.731	0.691	0.514	0.673	0.707	0.666	0.548	0.744	0.638	0.616	0.641	0.701	0.706	0.568	0.429	0.613	0.67	0.629	0.459	0.644	0.657	0.667	0.658	0.711	0.772	0.69	0.462	0.823	0.711	0.763	0.535	0.695	0.69	0.667	0.617	0.744	0.693	0.581	0.425	0.693	0.568	0.653	0.496	0.66	0.717
Plate_2	5	0.733	0.713	0.781	0.81	0.705	0.54	0.792	0.718	0.721	0.601	0.704	0.748	0.695	0.689	0.768	0.828	0.706	0.596	0.731	0.75	0.735	0.636	0.708	0.719	0.647	0.716	0.7	0.759	0.695	0.563	0.723	0.706	0.709	0.565	0.659	0.754	0.676	0.672	0.685	0.769	0.712	0.591	0.722	0.646	0.68	0.571	0.681	0.696	0.716	0.716	0.771	0.778	0.723	0.553	0.752	0.767	0.745	0.622	0.767	0.706	0.696	0.716	0.77	0.782	0.616	0.471	0.711	0.732	0.701	0.51	0.707	0.735	0.735	0.73	0.778	0.825	0.726	0.505	0.957	0.758	0.834	0.612	0.739	0.761	0.732	0.688	0.782	0.765	0.614	0.462	0.772	0.645	0.724	0.549	0.724	0.768
Plate_2	6	0.761	0.75	0.792	0.815	0.747	0.583	0.796	0.736	0.744	0.68	0.717	0.753	0.73	0.728	0.79	0.856	0.739	0.645	0.777	0.771	0.765	0.706	0.73	0.739	0.702	0.742	0.748	0.778	0.738	0.612	0.77	0.731	0.738	0.653	0.699	0.754	0.72	0.733	0.757	0.79	0.764	0.647	0.757	0.709	0.734	0.667	0.723	0.714	0.745	0.749	0.787	0.78	0.757	0.602	0.772	0.776	0.761	0.688	0.763	0.725	0.745	0.755	0.811	0.787	0.672	0.517	0.739	0.761	0.739	0.586	0.733	0.76	0.757	0.765	0.787	0.819	0.763	0.554	1.012	0.768	0.829	0.678	0.751	0.767	0.751	0.733	0.818	0.777	0.658	0.509	0.776	0.7	0.754	0.623	0.739	0.771
Plate_2	7	0.783	0.761	0.801	0.834	0.765	0.633	0.807	0.752	0.753	0.706	0.729	0.769	0.746	0.743	0.804	0.803	0.747	0.688	0.783	0.773	0.778	0.728	0.738	0.752	0.715	0.752	0.758	0.789	0.749	0.669	0.776	0.741	0.75	0.698	0.701	0.769	0.728	0.736	0.765	0.804	0.766	0.694	0.773	0.721	0.749	0.718	0.726	0.728	0.763	0.762	0.791	0.791	0.765	0.655	0.79	0.781	0.778	0.71	0.773	0.733	0.761	0.766	0.816	0.798	0.721	0.581	0.76	0.764	0.759	0.663	0.741	0.761	0.771	0.774	0.794	0.826	0.781	0.617	0.989	0.773	0.836	0.715	0.759	0.766	0.767	0.74	0.805	0.784	0.695	0.568	0.784	0.705	0.769	0.685	0.745	0.773
Plate_2	8	0.804	0.781	0.811	0.849	0.766	0.65	0.829	0.768	0.758	0.728	0.747	0.783	0.769	0.763	0.817	0.811	0.758	0.697	0.802	0.787	0.779	0.744	0.749	0.767	0.738	0.77	0.772	0.804	0.754	0.679	0.792	0.758	0.762	0.714	0.715	0.785	0.747	0.76	0.778	0.818	0.773	0.7	0.791	0.736	0.756	0.733	0.738	0.748	0.78	0.775	0.805	0.806	0.775	0.683	0.809	0.796	0.783	0.725	0.785	0.746	0.781	0.784	0.825	0.812	0.726	0.63	0.778	0.776	0.764	0.697	0.758	0.775	0.793	0.79	0.807	0.844	0.781	0.648	0.919	0.788	0.827	0.728	0.771	0.782	0.785	0.756	0.814	0.802	0.701	0.61	0.798	0.723	0.777	0.706	0.758	0.784
Plate_2	9	0.813	0.795	0.818	0.857	0.77	0.667	0.837	0.779	0.762	0.742	0.754	0.789	0.784	0.775	0.828	0.822	0.766	0.714	0.814	0.799	0.781	0.758	0.757	0.778	0.757	0.785	0.782	0.814	0.761	0.694	0.814	0.767	0.764	0.729	0.726	0.793	0.765	0.776	0.787	0.832	0.779	0.72	0.803	0.749	0.762	0.747	0.75	0.758	0.793	0.79	0.812	0.815	0.782	0.694	0.819	0.805	0.786	0.735	0.79	0.755	0.797	0.797	0.839	0.826	0.732	0.642	0.79	0.786	0.765	0.71	0.765	0.785	0.803	0.805	0.815	0.852	0.782	0.661	0.909	0.795	0.825	0.735	0.778	0.789	0.799	0.771	0.818	0.814	0.709	0.623	0.809	0.74	0.78	0.718	0.77	0.794
Plate_2	10	0.821	0.803	0.82	0.857	0.772	0.682	0.837	0.784	0.765	0.75	0.758	0.794	0.795	0.788	0.834	0.836	0.768	0.724	0.824	0.804	0.783	0.763	0.763	0.786	0.771	0.793	0.79	0.819	0.767	0.707	0.828	0.773	0.767	0.74	0.735	0.8	0.78	0.785	0.793	0.842	0.779	0.733	0.811	0.759	0.766	0.76	0.756	0.767	0.802	0.8	0.815	0.821	0.785	0.705	0.823	0.81	0.785	0.738	0.794	0.762	0.804	0.802	0.844	0.835	0.739	0.656	0.799	0.795	0.767	0.725	0.773	0.795	0.812	0.808	0.82	0.855	0.783	0.673	0.895	0.8	0.828	0.737	0.784	0.796	0.807	0.782	0.825	0.827	0.716	0.639	0.816	0.752	0.782	0.726	0.775	0.799
Plate_2	11	0.826	0.809	0.823	0.86	0.777	0.695	0.842	0.79	0.766	0.753	0.763	0.799	0.801	0.793	0.838	0.843	0.772	0.735	0.833	0.81	0.782	0.766	0.767	0.792	0.781	0.797	0.796	0.822	0.773	0.714	0.834	0.779	0.772	0.746	0.742	0.802	0.784	0.797	0.804	0.851	0.787	0.745	0.818	0.767	0.77	0.768	0.765	0.771	0.805	0.811	0.82	0.833	0.791	0.714	0.83	0.814	0.789	0.743	0.797	0.768	0.81	0.81	0.848	0.841	0.748	0.669	0.806	0.801	0.768	0.734	0.78	0.8	0.817	0.815	0.825	0.862	0.788	0.684	0.888	0.805	0.83	0.741	0.788	0.799	0.81	0.787	0.835	0.837	0.724	0.652	0.819	0.761	0.788	0.733	0.78	0.802
Plate_2	12	0.822	0.81	0.821	0.859	0.777	0.701	0.845	0.79	0.763	0.752	0.765	0.805	0.803	0.798	0.84	0.849	0.775	0.74	0.836	0.812	0.785	0.768	0.773	0.799	0.782	0.798	0.801	0.824	0.777	0.72	0.843	0.782	0.775	0.747	0.743	0.809	0.786	0.799	0.807	0.853	0.788	0.752	0.824	0.774	0.775	0.771	0.77	0.773	0.81	0.809	0.821	0.84	0.793	0.722	0.835	0.818	0.794	0.746	0.8	0.773	0.816	0.811	0.851	0.845	0.755	0.68	0.811	0.805	0.771	0.74	0.785	0.8	0.819	0.816	0.826	0.862	0.793	0.694	0.895	0.807	0.823	0.744	0.792	0.801	0.814	0.79	0.836	0.841	0.728	0.661	0.824	0.765	0.789	0.736	0.785	0.806
Plate_2	13	0.81	0.81	0.815	0.853	0.773	0.701	0.84	0.79	0.759	0.751	0.766	0.803	0.802	0.795	0.837	0.85	0.771	0.739	0.833	0.807	0.781	0.765	0.773	0.798	0.782	0.795	0.8	0.823	0.776	0.721	0.84	0.781	0.773	0.745	0.74	0.808	0.787	0.796	0.807	0.853	0.786	0.753	0.821	0.771	0.771	0.767	0.771	0.774	0.806	0.81	0.82	0.837	0.793	0.726	0.831	0.815	0.791	0.746	0.8	0.776	0.813	0.809	0.846	0.846	0.758	0.685	0.808	0.803	0.771	0.741	0.785	0.79	0.816	0.814	0.824	0.862	0.792	0.698	0.885	0.804	0.819	0.743	0.791	0.799	0.808	0.789	0.834	0.842	0.73	0.664	0.823	0.766	0.787	0.736	0.782	0.805
Plate_2	14	0.806	0.81	0.812	0.846	0.769	0.7	0.835	0.785	0.756	0.75	0.765	0.805	0.799	0.796	0.831	0.849	0.769	0.737	0.828	0.805	0.777	0.763	0.771	0.801	0.778	0.793	0.798	0.822	0.774	0.718	0.844	0.778	0.771	0.744	0.738	0.809	0.783	0.794	0.803	0.849	0.785	0.751	0.818	0.77	0.77	0.767	0.771	0.775	0.806	0.808	0.818	0.834	0.793	0.726	0.825	0.813	0.789	0.747	0.798	0.775	0.811	0.805	0.845	0.842	0.76	0.688	0.806	0.801	0.769	0.743	0.783	0.782	0.813	0.812	0.818	0.858	0.791	0.7	0.85	0.801	0.813	0.744	0.787	0.797	0.807	0.789	0.832	0.839	0.731	0.667	0.822	0.766	0.784	0.735	0.778	0.801
Plate_2	15	0.799	0.811	0.808	0.838	0.764	0.696	0.827	0.783	0.757	0.749	0.763	0.802	0.798	0.797	0.825	0.845	0.767	0.735	0.822	0.803	0.776	0.762	0.769	0.801	0.777	0.794	0.792	0.817	0.772	0.715	0.84	0.775	0.769	0.742	0.738	0.808	0.781	0.791	0.8	0.848	0.783	0.748	0.815	0.768	0.768	0.764	0.769	0.774	0.803	0.806	0.814	0.829	0.791	0.727	0.822	0.809	0.787	0.748	0.796	0.773	0.808	0.802	0.841	0.841	0.759	0.691	0.805	0.801	0.766	0.742	0.782	0.777	0.808	0.812	0.815	0.851	0.79	0.701	0.848	0.797	0.809	0.746	0.784	0.793	0.804	0.788	0.83	0.839	0.73	0.668	0.821	0.766	0.78	0.735	0.775	0.797
Plate_2	16	0.809	0.809	0.809	0.83	0.759	0.692	0.82	0.778	0.759	0.747	0.764	0.798	0.797	0.797	0.822	0.838	0.764	0.733	0.814	0.801	0.776	0.759	0.767	0.796	0.778	0.79	0.787	0.812	0.768	0.712	0.819	0.772	0.764	0.739	0.738	0.807	0.783	0.788	0.797	0.842	0.778	0.745	0.807	0.766	0.766	0.761	0.766	0.773	0.799	0.805	0.811	0.827	0.789	0.724	0.816	0.803	0.783	0.746	0.792	0.77	0.805	0.804	0.838	0.836	0.757	0.69	0.801	0.796	0.767	0.74	0.779	0.772	0.804	0.81	0.812	0.846	0.787	0.699	0.842	0.794	0.803	0.746	0.78	0.79	0.799	0.789	0.822	0.836	0.727	0.666	0.821	0.765	0.777	0.734	0.773	0.794
Plate_2	17	0.795	0.808	0.807	0.829	0.756	0.69	0.817	0.777	0.76	0.747	0.763	0.798	0.795	0.795	0.82	0.829	0.762	0.726	0.808	0.8	0.778	0.758	0.767	0.795	0.776	0.789	0.784	0.81	0.766	0.709	0.811	0.771	0.765	0.738	0.739	0.806	0.783	0.791	0.791	0.838	0.775	0.738	0.806	0.765	0.766	0.758	0.765	0.775	0.797	0.802	0.803	0.821	0.785	0.722	0.812	0.802	0.785	0.747	0.79	0.77	0.8	0.8	0.835	0.836	0.758	0.688	0.8	0.793	0.767	0.739	0.78	0.77	0.801	0.808	0.809	0.845	0.786	0.698	0.84	0.791	0.798	0.747	0.779	0.786	0.799	0.789	0.816	0.835	0.726	0.663	0.819	0.767	0.775	0.734	0.771	0.793
Plate_2	18	0.79	0.807	0.803	0.826	0.754	0.687	0.816	0.774	0.759	0.746	0.763	0.797	0.794	0.794	0.817	0.826	0.759	0.723	0.808	0.796	0.779	0.757	0.767	0.797	0.775	0.788	0.785	0.806	0.767	0.705	0.806	0.768	0.761	0.736	0.737	0.805	0.783	0.787	0.789	0.834	0.773	0.746	0.803	0.765	0.763	0.757	0.765	0.778	0.793	0.8	0.799	0.82	0.783	0.72	0.811	0.801	0.78	0.746	0.788	0.769	0.8	0.799	0.836	0.836	0.757	0.686	0.8	0.791	0.765	0.738	0.774	0.77	0.801	0.806	0.808	0.842	0.785	0.697	0.835	0.791	0.792	0.748	0.776	0.784	0.796	0.79	0.811	0.829	0.724	0.658	0.816	0.77	0.773	0.733	0.77	0.793
Plate_2	19	0.799	0.805	0.802	0.822	0.745	0.681	0.812	0.775	0.759	0.745	0.762	0.793	0.794	0.794	0.812	0.822	0.753	0.716	0.802	0.794	0.776	0.755	0.763	0.793	0.775	0.786	0.775	0.799	0.764	0.701	0.799	0.766	0.758	0.734	0.736	0.803	0.78	0.783	0.786	0.829	0.772	0.734	0.796	0.761	0.762	0.755	0.762	0.775	0.79	0.798	0.797	0.818	0.782	0.715	0.809	0.796	0.776	0.746	0.785	0.768	0.797	0.797	0.825	0.837	0.75	0.682	0.796	0.788	0.761	0.737	0.773	0.767	0.803	0.804	0.804	0.84	0.78	0.693	0.826	0.791	0.787	0.749	0.774	0.782	0.793	0.791	0.807	0.829	0.72	0.653	0.816	0.771	0.772	0.734	0.772	0.792
Plate_2	20	0.797	0.811	0.801	0.82	0.744	0.677	0.807	0.777	0.761	0.746	0.762	0.793	0.795	0.794	0.812	0.82	0.749	0.712	0.797	0.792	0.776	0.755	0.763	0.794	0.773	0.786	0.773	0.798	0.759	0.698	0.794	0.765	0.757	0.734	0.738	0.803	0.78	0.783	0.783	0.822	0.769	0.728	0.794	0.762	0.76	0.754	0.761	0.777	0.79	0.796	0.794	0.813	0.779	0.71	0.804	0.794	0.776	0.745	0.785	0.767	0.794	0.799	0.821	0.828	0.75	0.681	0.793	0.788	0.76	0.736	0.775	0.769	0.804	0.804	0.8	0.838	0.777	0.689	0.821	0.791	0.783	0.749	0.774	0.78	0.792	0.793	0.805	0.825	0.718	0.648	0.814	0.773	0.773	0.734	0.773	0.792
Plate_2	21	0.801	0.808	0.802	0.824	0.74	0.673	0.805	0.779	0.761	0.748	0.764	0.795	0.794	0.793	0.81	0.82	0.75	0.707	0.797	0.792	0.777	0.755	0.764	0.796	0.774	0.783	0.773	0.796	0.757	0.693	0.792	0.765	0.757	0.733	0.74	0.802	0.776	0.785	0.781	0.818	0.768	0.724	0.794	0.762	0.758	0.754	0.759	0.778	0.789	0.795	0.794	0.812	0.778	0.707	0.803	0.793	0.775	0.745	0.785	0.77	0.793	0.794	0.819	0.824	0.748	0.678	0.793	0.789	0.761	0.735	0.776	0.77	0.806	0.803	0.799	0.838	0.774	0.683	0.821	0.792	0.782	0.75	0.775	0.78	0.792	0.798	0.804	0.826	0.717	0.642	0.811	0.774	0.775	0.735	0.775	0.794
Plate_2	22	0.804	0.818	0.804	0.827	0.739	0.67	0.808	0.782	0.762	0.751	0.768	0.797	0.798	0.794	0.812	0.817	0.75	0.706	0.796	0.793	0.776	0.755	0.765	0.796	0.777	0.787	0.774	0.797	0.757	0.693	0.791	0.765	0.758	0.733	0.743	0.805	0.781	0.785	0.782	0.817	0.767	0.721	0.793	0.762	0.759	0.753	0.761	0.78	0.793	0.796	0.792	0.815	0.776	0.705	0.801	0.794	0.777	0.746	0.789	0.77	0.795	0.798	0.817	0.823	0.747	0.674	0.791	0.789	0.763	0.735	0.777	0.771	0.807	0.807	0.802	0.839	0.774	0.679	0.82	0.793	0.782	0.752	0.777	0.781	0.794	0.8	0.801	0.826	0.713	0.637	0.816	0.775	0.776	0.734	0.776	0.796
Plate_2	23	0.807	0.819	0.804	0.829	0.737	0.665	0.809	0.782	0.762	0.753	0.769	0.799	0.8	0.796	0.812	0.82	0.75	0.703	0.795	0.791	0.777	0.756	0.766	0.796	0.78	0.787	0.773	0.799	0.757	0.691	0.79	0.768	0.757	0.733	0.746	0.804	0.784	0.787	0.779	0.813	0.766	0.717	0.792	0.763	0.759	0.753	0.762	0.783	0.792	0.801	0.792	0.817	0.775	0.702	0.8	0.797	0.777	0.746	0.79	0.773	0.799	0.802	0.816	0.821	0.744	0.672	0.794	0.789	0.763	0.736	0.78	0.772	0.808	0.808	0.803	0.839	0.77	0.675	0.817	0.795	0.782	0.753	0.78	0.784	0.798	0.8	0.8	0.828	0.709	0.633	0.816	0.777	0.777	0.737	0.778	0.799
Plate_2	24	0.81	0.817	0.807	0.829	0.737	0.663	0.811	0.783	0.765	0.755	0.772	0.798	0.801	0.797	0.814	0.823	0.752	0.701	0.794	0.793	0.776	0.759	0.766	0.796	0.782	0.793	0.776	0.801	0.758	0.689	0.794	0.768	0.757	0.735	0.749	0.805	0.787	0.79	0.781	0.814	0.766	0.715	0.791	0.764	0.759	0.754	0.764	0.785	0.796	0.8	0.796	0.816	0.772	0.699	0.799	0.796	0.777	0.747	0.793	0.776	0.799	0.803	0.818	0.822	0.743	0.668	0.799	0.79	0.764	0.736	0.783	0.775	0.813	0.81	0.808	0.844	0.768	0.674	0.818	0.796	0.783	0.756	0.782	0.785	0.798	0.804	0.801	0.828	0.705	0.633	0.817	0.779	0.778	0.739	0.78	0.802
Plate_3	0	0.254	0.253	0.233	0.232	0.242	0.249	0.264	0.231	0.243	0.244	0.221	0.242	0.253	0.265	0.254	0.247	0.261	0.254	0.259	0.254	0.256	0.248	0.248	0.265	0.246	0.251	0.231	0.232	0.254	0.233	0.242	0.247	0.226	0.241	0.224	0.234	0.247	0.247	0.241	0.229	0.236	0.236	0.234	0.231	0.209	0.213	0.194	0.194	0.212	0.194	0.198	0.194	0.202	0.207	0.201	0.211	0.212	0.19	0.183	0.21	0.188	0.176	0.173	0.179	0.217	0.187	0.184	0.19	0.209	0.175	0.171	0.184	0.257	0.26	0.234	0.234	0.239	0.243	0.253	0.251	0.245	0.236	0.218	0.234	0.215	0.208	0.195	0.202	0.198	0.197	0.198	0.198	0.195	0.201	0.189	0.22
Plate_3	1	0.351	0.344	0.279	0.268	0.312	0.32	0.358	0.298	0.315	0.322	0.279	0.306	0.338	0.357	0.31	0.287	0.339	0.332	0.345	0.33	0.34	0.327	0.315	0.36	0.319	0.317	0.269	0.265	0.313	0.294	0.298	0.301	0.273	0.298	0.275	0.289	0.326	0.327	0.286	0.259	0.287	0.29	0.287	0.281	0.241	0.258	0.221	0.222	0.236	0.216	0.212	0.205	0.221	0.234	0.225	0.238	0.243	0.21	0.196	0.251	0.191	0.183	0.178	0.182	0.237	0.198	0.192	0.204	0.246	0.184	0.176	0.205	0.326	0.332	0.273	0.256	0.296	0.304	0.306	0.299	0.31	0.307	0.253	0.295	0.253	0.245	0.206	0.219	0.218	0.226	0.228	0.228	0.22	0.236	0.207	0.276
Plate_3	2	0.467	0.451	0.352	0.331	0.419	0.431	0.471	0.402	0.432	0.419	0.357	0.39	0.473	0.495	0.435	0.362	0.457	0.466	0.47	0.455	0.464	0.442	0.412	0.456	0.432	0.436	0.336	0.324	0.423	0.402	0.402	0.398	0.35	0.389	0.351	0.371	0.461	0.473	0.373	0.316	0.383	0.395	0.387	0.375	0.292	0.331	0.264	0.266	0.275	0.255	0.237	0.222	0.257	0.277	0.266	0.289	0.292	0.243	0.218	0.311	0.198	0.193	0.184	0.186	0.274	0.216	0.205	0.228	0.307	0.198	0.182	0.236	0.437	0.472	0.376	0.304	0.407	0.442	0.453	0.409	0.443	0.455	0.305	0.381	0.315	0.299	0.221	0.248	0.252	0.267	0.271	0.271	0.256	0.286	0.234	0.357
Plate_3	3	0.532	0.531	0.439	0.409	0.486	0.508	0.558	0.476	0.498	0.479	0.422	0.489	0.539	0.583	0.533	0.445	0.533	0.544	0.542	0.533	0.536	0.505	0.486	0.573	0.504	0.521	0.422	0.41	0.508	0.488	0.481	0.48	0.421	0.469	0.423	0.468	0.534	0.545	0.461	0.395	0.47	0.485	0.471	0.461	0.356	0.398	0.318	0.328	0.326	0.311	0.279	0.251	0.308	0.342	0.321	0.373	0.354	0.288	0.25	0.38	0.211	0.209	0.193	0.191	0.329	0.243	0.229	0.264	0.384	0.221	0.192	0.279	0.507	0.553	0.491	0.395	0.493	0.519	0.545	0.491	0.53	0.546	0.357	0.525	0.387	0.377	0.248	0.294	0.307	0.34	0.34	0.333	0.303	0.368	0.271	0.431
Plate_3	4	0.602	0.624	0.546	0.488	0.576	0.595	0.65	0.565	0.577	0.573	0.497	0.623	0.618	0.684	0.628	0.519	0.627	0.625	0.639	0.626	0.622	0.6	0.576	0.677	0.563	0.613	0.499	0.485	0.606	0.559	0.57	0.559	0.489	0.561	0.502	0.601	0.608	0.629	0.542	0.458	0.534	0.542	0.543	0.533	0.416	0.466	0.379	0.419	0.391	0.374	0.344	0.301	0.374	0.412	0.384	0.434	0.413	0.351	0.293	0.459	0.233	0.237	0.212	0.203	0.393	0.286	0.267	0.32	0.448	0.261	0.209	0.336	0.579	0.622	0.553	0.457	0.56	0.564	0.615	0.558	0.544	0.582	0.406	0.57	0.438	0.435	0.304	0.359	0.367	0.397	0.408	0.394	0.362	0.434	0.32	0.514
Plate_3	5	0.666	0.678	0.629	0.578	0.652	0.658	0.685	0.634	0.635	0.644	0.584	0.676	0.692	0.73	0.698	0.602	0.692	0.688	0.693	0.678	0.671	0.674	0.648	0.707	0.646	0.692	0.602	0.579	0.696	0.646	0.661	0.649	0.581	0.642	0.591	0.671	0.689	0.699	0.634	0.543	0.628	0.625	0.64	0.624	0.501	0.559	0.456	0.551	0.464	0.436	0.411	0.373	0.444	0.482	0.466	0.513	0.489	0.435	0.348	0.554	0.272	0.282	0.247	0.226	0.465	0.348	0.326	0.393	0.539	0.326	0.239	0.413	0.664	0.7	0.628	0.518	0.659	0.64	0.706	0.646	0.605	0.663	0.478	0.638	0.514	0.514	0.37	0.426	0.427	0.454	0.479	0.458	0.431	0.527	0.375	0.608
Plate_3	6	0.672	0.685	0.672	0.643	0.669	0.672	0.692	0.653	0.655	0.664	0.628	0.688	0.711	0.737	0.73	0.664	0.71	0.705	0.706	0.686	0.685	0.691	0.672	0.72	0.704	0.707	0.671	0.652	0.721	0.686	0.686	0.681	0.636	0.666	0.64	0.679	0.714	0.716	0.684	0.621	0.691	0.682	0.692	0.679	0.587	0.623	0.545	0.626	0.568	0.526	0.5	0.457	0.552	0.587	0.577	0.618	0.579	0.545	0.412	0.611	0.336	0.349	0.31	0.27	0.574	0.416	0.399	0.489	0.619	0.412	0.283	0.51	0.712	0.731	0.689	0.601	0.711	0.685	0.742	0.695	0.658	0.694	0.551	0.671	0.609	0.604	0.438	0.519	0.529	0.544	0.582	0.552	0.525	0.625	0.456	0.651
Plate_3	7	0.69	0.707	0.695	0.674	0.69	0.694	0.713	0.67	0.68	0.686	0.648	0.715	0.718	0.754	0.755	0.701	0.733	0.718	0.722	0.703	0.705	0.715	0.691	0.744	0.708	0.723	0.699	0.69	0.738	0.707	0.699	0.692	0.65	0.681	0.653	0.705	0.721	0.728	0.714	0.676	0.713	0.702	0.707	0.692	0.628	0.642	0.601	0.64	0.65	0.625	0.605	0.563	0.645	0.644	0.645	0.664	0.624	0.611	0.489	0.623	0.418	0.423	0.4	0.344	0.653	0.515	0.504	0.599	0.641	0.532	0.338	0.567	0.718	0.736	0.724	0.669	0.723	0.697	0.752	0.705	0.676	0.71	0.601	0.683	0.65	0.651	0.543	0.617	0.631	0.622	0.657	0.633	0.611	0.65	0.532	0.659
Plate_3	8	0.705	0.723	0.719	0.702	0.71	0.71	0.73	0.69	0.699	0.704	0.669	0.733	0.735	0.771	0.773	0.727	0.749	0.734	0.741	0.719	0.721	0.729	0.706	0.761	0.726	0.739	0.722	0.72	0.755	0.728	0.715	0.703	0.671	0.702	0.67	0.724	0.737	0.746	0.737	0.704	0.732	0.722	0.726	0.706	0.644	0.662	0.613	0.668	0.654	0.639	0.666	0.647	0.656	0.655	0.653	0.672	0.641	0.621	0.555	0.645	0.53	0.533	0.523	0.438	0.667	0.606	0.612	0.627	0.661	0.601	0.402	0.577	0.736	0.754	0.753	0.705	0.741	0.712	0.764	0.72	0.696	0.726	0.622	0.704	0.665	0.664	0.641	0.66	0.643	0.625	0.656	0.636	0.624	0.67	0.572	0.678
Plate_3	9	0.715	0.733	0.733	0.722	0.722	0.723	0.743	0.705	0.712	0.72	0.684	0.748	0.751	0.783	0.786	0.748	0.763	0.746	0.752	0.734	0.734	0.744	0.717	0.774	0.744	0.755	0.741	0.742	0.769	0.747	0.729	0.718	0.689	0.715	0.686	0.739	0.754	0.761	0.755	0.731	0.749	0.739	0.742	0.723	0.666	0.678	0.633	0.688	0.686	0.66	0.679	0.669	0.68	0.681	0.676	0.695	0.663	0.647	0.572	0.662	0.614	0.616	0.639	0.554	0.693	0.612	0.624	0.649	0.682	0.609	0.479	0.602	0.752	0.77	0.774	0.738	0.759	0.727	0.777	0.736	0.714	0.744	0.634	0.719	0.692	0.688	0.657	0.695	0.666	0.654	0.679	0.661	0.651	0.694	0.583	0.693
Plate_3	10	0.722	0.743	0.744	0.733	0.734	0.732	0.752	0.715	0.723	0.731	0.694	0.758	0.759	0.793	0.793	0.761	0.771	0.756	0.762	0.743	0.748	0.753	0.727	0.783	0.754	0.766	0.756	0.758	0.778	0.757	0.739	0.727	0.704	0.725	0.698	0.75	0.763	0.771	0.767	0.75	0.76	0.75	0.756	0.738	0.685	0.692	0.65	0.705	0.712	0.686	0.706	0.7	0.703	0.704	0.696	0.715	0.681	0.671	0.582	0.679	0.617	0.614	0.653	0.634	0.714	0.637	0.647	0.675	0.698	0.641	0.541	0.625	0.764	0.781	0.788	0.761	0.773	0.74	0.788	0.747	0.727	0.754	0.646	0.735	0.714	0.708	0.683	0.727	0.694	0.676	0.701	0.682	0.676	0.713	0.601	0.705
Plate_3	11	0.725	0.748	0.749	0.74	0.739	0.736	0.756	0.721	0.729	0.738	0.702	0.763	0.767	0.797	0.795	0.768	0.776	0.76	0.766	0.75	0.754	0.761	0.734	0.79	0.763	0.771	0.764	0.765	0.784	0.765	0.748	0.737	0.712	0.732	0.706	0.758	0.77	0.777	0.774	0.761	0.769	0.76	0.765	0.746	0.699	0.701	0.663	0.714	0.731	0.71	0.727	0.726	0.723	0.719	0.711	0.728	0.696	0.685	0.594	0.687	0.651	0.647	0.683	0.65	0.733	0.668	0.678	0.697	0.71	0.666	0.548	0.642	0.773	0.787	0.795	0.773	0.781	0.749	0.794	0.755	0.738	0.761	0.654	0.745	0.728	0.724	0.715	0.746	0.715	0.696	0.722	0.701	0.695	0.727	0.614	0.712
Plate_3	12	0.726	0.75	0.75	0.742	0.743	0.738	0.758	0.725	0.733	0.742	0.706	0.77	0.771	0.8	0.793	0.77	0.778	0.762	0.77	0.752	0.759	0.764	0.737	0.793	0.769	0.778	0.769	0.77	0.787	0.767	0.752	0.741	0.72	0.734	0.711	0.761	0.776	0.78	0.777	0.766	0.775	0.764	0.771	0.753	0.709	0.711	0.674	0.723	0.742	0.726	0.739	0.742	0.739	0.73	0.723	0.737	0.705	0.697	0.605	0.694	0.682	0.68	0.716	0.685	0.747	0.691	0.7	0.714	0.718	0.684	0.56	0.654	0.777	0.791	0.796	0.78	0.787	0.754	0.797	0.761	0.746	0.765	0.66	0.76	0.735	0.734	0.736	0.758	0.734	0.709	0.732	0.714	0.709	0.737	0.623	0.717
Plate_3	13	0.726	0.751	0.75	0.741	0.743	0.738	0.757	0.726	0.735	0.747	0.709	0.77	0.772	0.802	0.791	0.769	0.777	0.762	0.769	0.754	0.761	0.766	0.738	0.796	0.772	0.778	0.771	0.77	0.785	0.767	0.754	0.743	0.723	0.736	0.713	0.764	0.776	0.781	0.778	0.769	0.775	0.763	0.773	0.753	0.712	0.711	0.679	0.728	0.749	0.736	0.748	0.75	0.748	0.735	0.73	0.741	0.711	0.703	0.614	0.699	0.706	0.706	0.739	0.713	0.755	0.708	0.718	0.721	0.722	0.699	0.576	0.661	0.781	0.792	0.793	0.781	0.789	0.755	0.796	0.763	0.749	0.768	0.663	0.758	0.741	0.739	0.746	0.762	0.747	0.713	0.739	0.72	0.718	0.739	0.629	0.72
Plate_3	14	0.723	0.75	0.75	0.741	0.742	0.738	0.757	0.726	0.736	0.748	0.71	0.772	0.771	0.801	0.789	0.767	0.775	0.758	0.766	0.752	0.761	0.764	0.736	0.794	0.771	0.777	0.77	0.768	0.783	0.766	0.753	0.742	0.724	0.737	0.714	0.766	0.775	0.781	0.775	0.768	0.773	0.763	0.773	0.756	0.716	0.712	0.682	0.73	0.753	0.74	0.749	0.754	0.753	0.74	0.733	0.742	0.713	0.707	0.622	0.703	0.721	0.725	0.752	0.731	0.759	0.719	0.73	0.728	0.725	0.706	0.59	0.669	0.78	0.79	0.79	0.78	0.786	0.754	0.792	0.763	0.749	0.766	0.665	0.756	0.745	0.742	0.75	0.763	0.756	0.717	0.743	0.725	0.723	0.742	0.634	0.72
Plate_3	15	0.722	0.748	0.748	0.739	0.743	0.738	0.756	0.727	0.738	0.747	0.711	0.773	0.77	0.8	0.79	0.766	0.772	0.755	0.765	0.752	0.759	0.763	0.737	0.794	0.772	0.776	0.768	0.767	0.781	0.762	0.752	0.741	0.723	0.735	0.715	0.767	0.775	0.779	0.772	0.767	0.771	0.761	0.772	0.755	0.718	0.713	0.686	0.734	0.757	0.745	0.75	0.755	0.755	0.74	0.736	0.743	0.714	0.71	0.627	0.705	0.733	0.738	0.761	0.744	0.76	0.726	0.736	0.732	0.726	0.712	0.601	0.673	0.78	0.789	0.786	0.776	0.787	0.752	0.791	0.764	0.749	0.765	0.667	0.754	0.747	0.742	0.752	0.762	0.758	0.718	0.746	0.728	0.725	0.744	0.637	0.722
Plate_3	16	0.721	0.747	0.748	0.737	0.74	0.735	0.755	0.727	0.737	0.748	0.708	0.774	0.767	0.795	0.787	0.764	0.771	0.754	0.764	0.751	0.757	0.763	0.736	0.795	0.771	0.775	0.767	0.766	0.78	0.76	0.752	0.74	0.723	0.736	0.716	0.768	0.773	0.777	0.771	0.765	0.771	0.759	0.77	0.754	0.716	0.713	0.688	0.736	0.758	0.746	0.75	0.754	0.755	0.74	0.737	0.742	0.715	0.711	0.632	0.707	0.74	0.747	0.764	0.749	0.761	0.731	0.742	0.734	0.728	0.716	0.61	0.675	0.779	0.788	0.781	0.77	0.787	0.75	0.789	0.763	0.748	0.765	0.669	0.751	0.748	0.744	0.751	0.76	0.761	0.72	0.75	0.73	0.727	0.746	0.642	0.725
Plate_3	17	0.723	0.744	0.748	0.735	0.739	0.734	0.753	0.726	0.734	0.746	0.712	0.771	0.768	0.79	0.787	0.761	0.769	0.75	0.761	0.749	0.753	0.759	0.738	0.792	0.769	0.773	0.765	0.764	0.778	0.758	0.75	0.739	0.723	0.735	0.716	0.768	0.774	0.772	0.769	0.763	0.769	0.757	0.767	0.753	0.715	0.714	0.688	0.737	0.76	0.747	0.748	0.752	0.755	0.739	0.735	0.738	0.715	0.713	0.636	0.708	0.745	0.75	0.764	0.751	0.761	0.733	0.742	0.733	0.727	0.716	0.617	0.677	0.781	0.785	0.778	0.764	0.783	0.746	0.789	0.762	0.746	0.765	0.669	0.746	0.751	0.745	0.748	0.755	0.763	0.721	0.75	0.731	0.728	0.747	0.645	0.727
Plate_3	18	0.714	0.745	0.749	0.733	0.742	0.738	0.756	0.728	0.735	0.745	0.713	0.772	0.769	0.793	0.788	0.759	0.767	0.751	0.759	0.75	0.753	0.76	0.738	0.789	0.773	0.772	0.765	0.764	0.778	0.758	0.749	0.739	0.723	0.736	0.715	0.769	0.775	0.772	0.77	0.76	0.769	0.755	0.766	0.751	0.717	0.713	0.69	0.739	0.761	0.745	0.747	0.748	0.755	0.738	0.735	0.74	0.716	0.713	0.639	0.711	0.749	0.751	0.762	0.752	0.763	0.734	0.744	0.735	0.728	0.719	0.622	0.68	0.783	0.784	0.776	0.757	0.784	0.745	0.788	0.764	0.748	0.766	0.669	0.745	0.751	0.749	0.747	0.75	0.764	0.723	0.751	0.735	0.73	0.75	0.647	0.73
Plate_3	19	0.719	0.744	0.749	0.732	0.741	0.733	0.754	0.731	0.738	0.747	0.716	0.769	0.77	0.789	0.79	0.757	0.766	0.751	0.761	0.752	0.755	0.76	0.738	0.789	0.773	0.772	0.766	0.762	0.777	0.759	0.748	0.741	0.723	0.736	0.719	0.768	0.774	0.773	0.77	0.759	0.768	0.756	0.768	0.754	0.715	0.715	0.692	0.741	0.763	0.746	0.744	0.745	0.755	0.741	0.735	0.741	0.718	0.715	0.641	0.71	0.751	0.754	0.76	0.75	0.762	0.735	0.744	0.737	0.73	0.721	0.626	0.685	0.787	0.782	0.774	0.75	0.784	0.743	0.781	0.762	0.75	0.768	0.669	0.75	0.755	0.75	0.746	0.743	0.765	0.725	0.754	0.738	0.734	0.752	0.65	0.733
Plate_3	20	0.721	0.743	0.75	0.73	0.73	0.733	0.748	0.723	0.74	0.746	0.716	0.771	0.771	0.792	0.791	0.755	0.764	0.751	0.761	0.752	0.755	0.757	0.738	0.779	0.775	0.773	0.767	0.761	0.776	0.758	0.75	0.741	0.724	0.736	0.72	0.77	0.779	0.773	0.771	0.757	0.764	0.756	0.766	0.755	0.718	0.716	0.695	0.739	0.764	0.748	0.744	0.741	0.756	0.743	0.737	0.744	0.72	0.717	0.644	0.716	0.752	0.753	0.758	0.749	0.762	0.736	0.745	0.74	0.733	0.722	0.629	0.689	0.788	0.784	0.773	0.745	0.784	0.743	0.783	0.765	0.751	0.766	0.669	0.743	0.757	0.752	0.747	0.738	0.768	0.722	0.756	0.739	0.736	0.753	0.65	0.737
Plate_3	21	0.725	0.744	0.752	0.728	0.732	0.734	0.748	0.732	0.741	0.746	0.721	0.775	0.772	0.793	0.793	0.753	0.763	0.75	0.761	0.751	0.754	0.756	0.741	0.788	0.777	0.776	0.766	0.76	0.775	0.758	0.75	0.742	0.725	0.735	0.722	0.774	0.782	0.775	0.771	0.756	0.769	0.754	0.766	0.755	0.718	0.717	0.697	0.742	0.769	0.749	0.743	0.738	0.754	0.744	0.737	0.743	0.721	0.719	0.645	0.719	0.757	0.75	0.756	0.746	0.762	0.739	0.747	0.741	0.734	0.724	0.634	0.691	0.791	0.786	0.772	0.742	0.784	0.748	0.786	0.765	0.754	0.772	0.669	0.751	0.759	0.754	0.747	0.732	0.767	0.729	0.758	0.739	0.739	0.758	0.652	0.739
Plate_3	22	0.727	0.747	0.755	0.726	0.74	0.739	0.759	0.734	0.739	0.75	0.722	0.779	0.776	0.796	0.794	0.751	0.764	0.754	0.764	0.755	0.759	0.764	0.744	0.797	0.78	0.779	0.768	0.759	0.775	0.759	0.752	0.744	0.726	0.739	0.723	0.776	0.786	0.775	0.774	0.753	0.765	0.757	0.768	0.756	0.72	0.717	0.699	0.749	0.772	0.749	0.743	0.734	0.754	0.745	0.74	0.747	0.723	0.722	0.646	0.721	0.76	0.751	0.756	0.745	0.761	0.74	0.748	0.742	0.737	0.727	0.635	0.694	0.791	0.788	0.771	0.738	0.782	0.749	0.787	0.768	0.756	0.774	0.67	0.751	0.761	0.756	0.746	0.726	0.769	0.731	0.761	0.743	0.742	0.759	0.653	0.741
Plate_3	23	0.725	0.75	0.754	0.723	0.738	0.741	0.757	0.735	0.744	0.752	0.721	0.782	0.779	0.797	0.795	0.749	0.762	0.753	0.76	0.754	0.759	0.763	0.745	0.793	0.78	0.779	0.768	0.757	0.773	0.76	0.752	0.739	0.725	0.737	0.722	0.78	0.788	0.778	0.774	0.751	0.764	0.757	0.769	0.758	0.722	0.714	0.701	0.751	0.772	0.752	0.743	0.731	0.754	0.747	0.739	0.749	0.724	0.722	0.649	0.722	0.762	0.752	0.756	0.743	0.758	0.74	0.749	0.742	0.739	0.728	0.636	0.697	0.793	0.791	0.769	0.736	0.781	0.749	0.789	0.77	0.76	0.776	0.67	0.753	0.763	0.757	0.744	0.722	0.768	0.733	0.762	0.746	0.745	0.764	0.653	0.743
Plate_3	24	0.727	0.754	0.757	0.724	0.743	0.743	0.764	0.742	0.75	0.758	0.725	0.786	0.782	0.803	0.798	0.748	0.764	0.756	0.767	0.759	0.762	0.769	0.751	0.799	0.783	0.781	0.77	0.757	0.776	0.763	0.753	0.748	0.727	0.742	0.726	0.784	0.792	0.78	0.776	0.75	0.765	0.76	0.77	0.759	0.722	0.721	0.704	0.754	0.776	0.755	0.743	0.729	0.753	0.75	0.744	0.753	0.727	0.725	0.651	0.726	0.767	0.753	0.757	0.743	0.759	0.741	0.752	0.749	0.744	0.73	0.638	0.7	0.795	0.795	0.769	0.734	0.782	0.753	0.792	0.774	0.761	0.778	0.672	0.753	0.765	0.762	0.744	0.72	0.768	0.736	0.765	0.749	0.749	0.767	0.654	0.745
Plate_4	0	0.232	0.214	0.231	0.246	0.216	0.215	0.149	0.151	0.154	0.23	0.158	0.152	0.231	0.225	0.237	0.228	0.217	0.222	0.158	0.155	0.151	0.149	0.148	0.149	0.227	0.217	0.224	0.23	0.221	0.214	0.151	0.162	0.15	0.148	0.148	0.148	0.217	0.226	0.23	0.22	0.214	0.227	0.159	0.159	0.151	0.156	0.15	0.15	0.218	0.215	0.216	0.215	0.217	0.222	0.158	0.158	0.151	0.153	0.157	0.152	0.233	0.233	0.22	0.286	0.228	0.219	0.15	0.158	0.152	0.158	0.158	0.155	0.24	0.224	0.225	0.291	0.224	0.277	0.166	0.164	0.164	0.157	0.168	0.158	0.23	0.222	0.219	0.274	0.209	0.213	0.158	0.162	0.162	0.16	0.158	0.156
Plate_4	1	0.335	0.3	0.334	0.332	0.288	0.276	0.149	0.151	0.153	0.307	0.156	0.151	0.35	0.315	0.336	0.298	0.29	0.287	0.157	0.155	0.15	0.147	0.147	0.149	0.316	0.294	0.316	0.295	0.286	0.265	0.15	0.161	0.149	0.148	0.147	0.148	0.298	0.322	0.312	0.292	0.281	0.281	0.157	0.157	0.151	0.155	0.15	0.149	0.296	0.296	0.302	0.304	0.284	0.269	0.157	0.157	0.15	0.152	0.156	0.151	0.349	0.343	0.318	0.406	0.308	0.263	0.15	0.157	0.152	0.157	0.157	0.154	0.36	0.315	0.323	0.413	0.308	0.351	0.162	0.163	0.162	0.156	0.165	0.157	0.335	0.301	0.291	0.388	0.274	0.252	0.157	0.161	0.161	0.159	0.157	0.155
Plate_4	2	0.502	0.462	0.519	0.47	0.454	0.418	0.149	0.151	0.154	0.444	0.155	0.151	0.54	0.496	0.518	0.456	0.444	0.455	0.156	0.155	0.15	0.147	0.147	0.149	0.498	0.48	0.512	0.479	0.462	0.419	0.15	0.161	0.149	0.148	0.147	0.147	0.482	0.523	0.505	0.467	0.454	0.436	0.157	0.157	0.15	0.155	0.15	0.149	0.469	0.485	0.49	0.409	0.45	0.401	0.157	0.157	0.15	0.152	0.156	0.15	0.546	0.549	0.513	0.606	0.485	0.39	0.15	0.157	0.152	0.156	0.156	0.154	0.564	0.516	0.538	0.63	0.513	0.535	0.161	0.163	0.162	0.156	0.164	0.157	0.533	0.492	0.474	0.552	0.461	0.354	0.157	0.161	0.161	0.159	0.157	0.155
Plate_4	3	0.568	0.534	0.578	0.575	0.525	0.505	0.148	0.15	0.153	0.514	0.155	0.151	0.604	0.564	0.586	0.565	0.516	0.547	0.156	0.155	0.15	0.146	0.147	0.148	0.566	0.56	0.59	0.576	0.521	0.521	0.15	0.16	0.149	0.147	0.147	0.147	0.559	0.597	0.589	0.561	0.535	0.554	0.158	0.156	0.15	0.155	0.15	0.149	0.544	0.563	0.569	0.545	0.537	0.512	0.156	0.156	0.15	0.151	0.155	0.15	0.6	0.608	0.593	0.708	0.566	0.501	0.15	0.157	0.151	0.155	0.156	0.153	0.616	0.587	0.621	0.756	0.591	0.677	0.161	0.162	0.161	0.156	0.163	0.157	0.601	0.573	0.561	0.67	0.557	0.468	0.156	0.16	0.161	0.159	0.157	0.155
Plate_4	4	0.615	0.571	0.623	0.711	0.587	0.53	0.149	0.151	0.153	0.616	0.155	0.151	0.659	0.606	0.635	0.64	0.576	0.582	0.157	0.155	0.15	0.147	0.147	0.149	0.602	0.584	0.631	0.649	0.582	0.553	0.15	0.16	0.149	0.147	0.147	0.148	0.587	0.621	0.614	0.558	0.588	0.58	0.158	0.156	0.151	0.155	0.15	0.149	0.572	0.582	0.603	0.702	0.57	0.55	0.157	0.157	0.151	0.152	0.155	0.15	0.642	0.641	0.622	0.765	0.604	0.544	0.15	0.157	0.152	0.155	0.156	0.153	0.679	0.642	0.676	0.804	0.652	0.776	0.161	0.163	0.161	0.156	0.162	0.157	0.681	0.624	0.607	0.784	0.601	0.522	0.157	0.159	0.161	0.159	0.157	0.156
Plate_4	5	0.675	0.622	0.685	0.798	0.669	0.582	0.149	0.15	0.153	0.685	0.154	0.151	0.722	0.673	0.704	0.709	0.662	0.632	0.156	0.155	0.15	0.146	0.147	0.149	0.668	0.65	0.692	0.722	0.671	0.598	0.15	0.16	0.149	0.147	0.147	0.147	0.65	0.68	0.673	0.616	0.673	0.625	0.157	0.155	0.151	0.155	0.15	0.149	0.62	0.639	0.663	0.793	0.625	0.583	0.156	0.156	0.15	0.151	0.155	0.15	0.709	0.707	0.689	0.797	0.666	0.573	0.15	0.157	0.151	0.154	0.156	0.153	0.748	0.708	0.744	0.814	0.723	0.89	0.16	0.162	0.16	0.156	0.162	0.157	0.757	0.698	0.683	0.883	0.682	0.587	0.156	0.158	0.161	0.158	0.156	0.155
Plate_4	6	0.704	0.68	0.713	0.869	0.692	0.638	0.149	0.15	0.153	0.692	0.154	0.151	0.752	0.71	0.73	0.731	0.699	0.695	0.156	0.155	0.15	0.146	0.147	0.149	0.714	0.697	0.725	0.75	0.712	0.67	0.15	0.16	0.149	0.147	0.147	0.147	0.703	0.727	0.718	0.681	0.711	0.684	0.157	0.155	0.151	0.155	0.15	0.149	0.679	0.698	0.711	0.861	0.681	0.639	0.157	0.156	0.15	0.151	0.155	0.15	0.738	0.738	0.734	0.803	0.716	0.626	0.15	0.157	0.152	0.154	0.156	0.153	0.766	0.744	0.765	0.832	0.739	0.977	0.16	0.162	0.16	0.155	0.161	0.156	0.768	0.745	0.73	0.823	0.733	0.666	0.156	0.158	0.161	0.158	0.156	0.156
Plate_4	7	0.713	0.693	0.713	0.938	0.7	0.673	0.149	0.15	0.153	0.702	0.154	0.151	0.75	0.717	0.722	0.735	0.699	0.721	0.156	0.155	0.15	0.146	0.147	0.149	0.719	0.711	0.727	0.751	0.704	0.702	0.15	0.16	0.149	0.147	0.147	0.147	0.713	0.727	0.728	0.722	0.71	0.719	0.157	0.155	0.151	0.155	0.15	0.149	0.702	0.718	0.72	0.87	0.696	0.69	0.157	0.156	0.15	0.151	0.155	0.15	0.735	0.743	0.729	0.803	0.725	0.681	0.15	0.157	0.152	0.154	0.155	0.153	0.774	0.75	0.765	0.839	0.739	1.028	0.16	0.162	0.16	0.156	0.161	0.156	0.773	0.75	0.741	0.847	0.728	0.71	0.157	0.158	0.161	0.158	0.157	0.156
Plate_4	8	0.724	0.702	0.727	0.998	0.703	0.682	0.148	0.15	0.153	0.721	0.154	0.151	0.761	0.723	0.732	0.747	0.712	0.724	0.156	0.155	0.15	0.147	0.147	0.149	0.729	0.711	0.731	0.749	0.718	0.709	0.151	0.16	0.149	0.148	0.147	0.147	0.718	0.733	0.729	0.795	0.724	0.726	0.156	0.154	0.151	0.155	0.15	0.149	0.705	0.718	0.72	0.875	0.695	0.71	0.157	0.157	0.151	0.151	0.155	0.15	0.745	0.749	0.732	0.81	0.727	0.7	0.151	0.157	0.152	0.153	0.155	0.153	0.786	0.762	0.769	0.855	0.748	1.091	0.16	0.162	0.16	0.156	0.16	0.156	0.79	0.765	0.749	0.852	0.734	0.712	0.157	0.159	0.161	0.158	0.157	0.156
Plate_4	9	0.736	0.715	0.737	1.05	0.714	0.692	0.148	0.15	0.153	0.732	0.154	0.151	0.773	0.732	0.742	0.756	0.725	0.732	0.155	0.155	0.15	0.146	0.147	0.149	0.738	0.719	0.736	0.755	0.733	0.708	0.15	0.16	0.149	0.148	0.147	0.147	0.731	0.744	0.739	0.864	0.737	0.725	0.156	0.154	0.151	0.155	0.15	0.149	0.718	0.726	0.731	0.883	0.706	0.705	0.157	0.156	0.151	0.151	0.154	0.15	0.757	0.756	0.743	0.811	0.738	0.7	0.15	0.157	0.152	0.153	0.155	0.153	0.799	0.774	0.784	0.878	0.757	1.133	0.159	0.161	0.159	0.155	0.16	0.156	0.805	0.777	0.765	0.858	0.747	0.723	0.157	0.158	0.161	0.158	0.157	0.156
Plate_4	10	0.749	0.728	0.746	1.096	0.724	0.7	0.148	0.15	0.153	0.741	0.154	0.15	0.779	0.744	0.749	0.765	0.739	0.74	0.155	0.155	0.15	0.146	0.147	0.149	0.75	0.734	0.747	0.762	0.746	0.714	0.151	0.16	0.149	0.148	0.147	0.147	0.744	0.753	0.747	0.921	0.75	0.731	0.156	0.153	0.151	0.155	0.15	0.149	0.73	0.74	0.743	0.883	0.717	0.713	0.157	0.156	0.15	0.151	0.154	0.15	0.764	0.766	0.748	0.812	0.747	0.705	0.151	0.157	0.152	0.153	0.155	0.153	0.81	0.786	0.794	0.911	0.769	1.151	0.159	0.161	0.159	0.156	0.159	0.156	0.812	0.791	0.776	0.853	0.758	0.733	0.157	0.158	0.16	0.158	0.157	0.156
Plate_4	11	0.757	0.737	0.755	1.129	0.729	0.708	0.148	0.15	0.154	0.751	0.154	0.15	0.789	0.754	0.761	0.771	0.751	0.75	0.155	0.155	0.15	0.146	0.147	0.149	0.759	0.742	0.751	0.769	0.755	0.721	0.151	0.16	0.149	0.148	0.147	0.147	0.753	0.764	0.759	0.969	0.76	0.743	0.156	0.153	0.151	0.155	0.15	0.149	0.742	0.749	0.75	0.885	0.727	0.719	0.156	0.156	0.151	0.151	0.154	0.15	0.773	0.773	0.76	0.814	0.758	0.714	0.151	0.157	0.152	0.153	0.155	0.154	0.815	0.792	0.797	0.95	0.781	1.167	0.159	0.161	0.159	0.156	0.159	0.156	0.817	0.798	0.784	0.851	0.768	0.743	0.157	0.158	0.16	0.158	0.156	0.156
Plate_4	12	0.759	0.743	0.758	1.147	0.733	0.713	0.149	0.15	0.154	0.754	0.154	0.15	0.791	0.757	0.76	0.769	0.753	0.751	0.155	0.155	0.15	0.146	0.147	0.149	0.758	0.746	0.755	0.775	0.76	0.728	0.151	0.161	0.15	0.148	0.147	0.147	0.757	0.766	0.767	1.013	0.765	0.748	0.156	0.153	0.152	0.155	0.15	0.148	0.748	0.752	0.755	0.891	0.734	0.724	0.156	0.156	0.151	0.151	0.153	0.151	0.775	0.776	0.768	0.81	0.763	0.72	0.151	0.157	0.152	0.153	0.155	0.154	0.815	0.792	0.8	0.991	0.78	1.178	0.159	0.161	0.159	0.156	0.159	0.156	0.816	0.801	0.79	0.842	0.773	0.748	0.157	0.158	0.16	0.158	0.156	0.156
Plate_4	13	0.76	0.743	0.758	1.151	0.736	0.712	0.149	0.149	0.153	0.756	0.154	0.15	0.789	0.759	0.758	0.765	0.757	0.75	0.154	0.155	0.15	0.145	0.147	0.148	0.762	0.747	0.758	0.772	0.762	0.728	0.151	0.16	0.149	0.148	0.146	0.147	0.755	0.767	0.764	1.045	0.77	0.75	0.156	0.153	0.151	0.155	0.15	0.148	0.75	0.754	0.753	0.894	0.739	0.727	0.156	0.156	0.15	0.151	0.153	0.151	0.777	0.773	0.766	0.805	0.765	0.725	0.151	0.156	0.152	0.153	0.154	0.153	0.814	0.792	0.803	1.019	0.782	1.188	0.159	0.161	0.159	0.156	0.158	0.155	0.815	0.801	0.792	0.836	0.776	0.75	0.156	0.157	0.159	0.157	0.156	0.155
Plate_4	14	0.76	0.743	0.755	1.149	0.737	0.712	0.148	0.149	0.154	0.76	0.153	0.149	0.787	0.756	0.756	0.76	0.759	0.743	0.154	0.155	0.15	0.145	0.147	0.148	0.76	0.747	0.755	0.77	0.763	0.725	0.151	0.16	0.149	0.148	0.146	0.148	0.757	0.765	0.765	1.072	0.767	0.747	0.155	0.153	0.151	0.155	0.15	0.147	0.75	0.751	0.755	0.902	0.738	0.726	0.156	0.156	0.151	0.151	0.153	0.151	0.774	0.772	0.767	0.802	0.763	0.725	0.151	0.155	0.152	0.153	0.153	0.154	0.811	0.79	0.799	1.044	0.783	1.195	0.159	0.16	0.158	0.156	0.158	0.155	0.811	0.8	0.79	0.837	0.776	0.747	0.156	0.157	0.159	0.157	0.155	0.155
Plate_4	15	0.755	0.741	0.754	1.141	0.738	0.71	0.149	0.148	0.154	0.758	0.153	0.149	0.783	0.752	0.754	0.757	0.756	0.741	0.153	0.154	0.15	0.145	0.147	0.147	0.757	0.745	0.749	0.77	0.758	0.722	0.151	0.16	0.15	0.148	0.145	0.148	0.754	0.76	0.76	1.086	0.765	0.743	0.155	0.153	0.151	0.155	0.15	0.147	0.749	0.749	0.752	0.905	0.737	0.722	0.156	0.155	0.151	0.151	0.152	0.151	0.771	0.769	0.761	0.798	0.763	0.723	0.151	0.155	0.153	0.153	0.153	0.153	0.808	0.789	0.8	1.064	0.78	1.197	0.159	0.16	0.158	0.156	0.158	0.155	0.808	0.797	0.789	0.836	0.776	0.744	0.155	0.156	0.158	0.156	0.155	0.154
Plate_4	16	0.752	0.738	0.748	1.131	0.735	0.703	0.149	0.148	0.154	0.755	0.153	0.148	0.78	0.749	0.748	0.751	0.753	0.736	0.152	0.154	0.15	0.144	0.148	0.147	0.756	0.74	0.748	0.769	0.756	0.716	0.151	0.16	0.15	0.148	0.145	0.148	0.754	0.756	0.756	1.082	0.76	0.738	0.155	0.153	0.151	0.155	0.15	0.146	0.747	0.745	0.746	0.909	0.732	0.718	0.156	0.156	0.151	0.151	0.151	0.151	0.768	0.764	0.757	0.795	0.756	0.719	0.151	0.154	0.153	0.152	0.152	0.154	0.805	0.783	0.794	1.085	0.777	1.193	0.159	0.16	0.159	0.156	0.157	0.154	0.805	0.795	0.788	0.833	0.774	0.741	0.155	0.156	0.158	0.156	0.155	0.154
Plate_4	17	0.748	0.734	0.743	1.121	0.734	0.698	0.149	0.147	0.154	0.753	0.153	0.148	0.779	0.747	0.743	0.747	0.749	0.731	0.152	0.154	0.15	0.144	0.148	0.147	0.752	0.736	0.742	0.769	0.753	0.711	0.151	0.16	0.15	0.148	0.145	0.148	0.752	0.751	0.751	1.073	0.755	0.729	0.155	0.153	0.151	0.155	0.15	0.146	0.745	0.743	0.742	0.913	0.727	0.71	0.155	0.155	0.151	0.151	0.151	0.151	0.766	0.76	0.752	0.793	0.752	0.713	0.151	0.154	0.153	0.152	0.152	0.154	0.803	0.782	0.792	1.104	0.776	1.182	0.159	0.16	0.158	0.156	0.156	0.154	0.808	0.794	0.788	0.829	0.774	0.738	0.155	0.155	0.158	0.156	0.154	0.154
Plate_4	18	0.748	0.73	0.742	1.111	0.729	0.696	0.149	0.147	0.154	0.75	0.154	0.148	0.775	0.745	0.741	0.745	0.749	0.728	0.152	0.154	0.15	0.144	0.148	0.146	0.751	0.732	0.74	0.77	0.748	0.707	0.151	0.16	0.15	0.148	0.144	0.148	0.753	0.751	0.748	1.061	0.752	0.725	0.155	0.152	0.151	0.155	0.15	0.146	0.745	0.74	0.74	0.91	0.728	0.707	0.155	0.156	0.151	0.151	0.151	0.151	0.767	0.757	0.751	0.792	0.753	0.709	0.151	0.153	0.153	0.152	0.152	0.154	0.801	0.779	0.791	1.12	0.776	1.167	0.159	0.16	0.158	0.156	0.156	0.153	0.807	0.793	0.786	0.828	0.774	0.736	0.154	0.155	0.157	0.155	0.153	0.154
Plate_4	19	0.748	0.73	0.737	1.099	0.724	0.69	0.149	0.147	0.154	0.752	0.154	0.148	0.774	0.745	0.738	0.744	0.747	0.723	0.151	0.154	0.15	0.143	0.148	0.146	0.749	0.73	0.737	0.772	0.745	0.703	0.151	0.16	0.15	0.148	0.144	0.148	0.754	0.748	0.745	1.048	0.75	0.722	0.155	0.152	0.151	0.155	0.15	0.146	0.744	0.739	0.736	0.906	0.726	0.701	0.155	0.156	0.151	0.152	0.15	0.151	0.763	0.756	0.747	0.792	0.751	0.705	0.151	0.153	0.153	0.152	0.152	0.154	0.801	0.779	0.787	1.134	0.771	1.153	0.159	0.16	0.159	0.156	0.156	0.153	0.806	0.793	0.787	0.827	0.773	0.735	0.154	0.155	0.157	0.155	0.153	0.154
Plate_4	20	0.749	0.728	0.737	1.089	0.723	0.688	0.149	0.147	0.154	0.749	0.154	0.147	0.776	0.743	0.739	0.744	0.746	0.722	0.151	0.154	0.15	0.143	0.148	0.146	0.751	0.73	0.738	0.772	0.741	0.702	0.151	0.16	0.15	0.148	0.144	0.148	0.754	0.747	0.743	1.036	0.744	0.717	0.154	0.152	0.151	0.155	0.151	0.145	0.745	0.737	0.734	0.905	0.725	0.698	0.155	0.155	0.151	0.151	0.15	0.151	0.764	0.754	0.746	0.793	0.747	0.702	0.151	0.153	0.153	0.152	0.152	0.154	0.802	0.776	0.788	1.142	0.771	1.143	0.159	0.16	0.159	0.156	0.156	0.153	0.81	0.793	0.788	0.819	0.775	0.735	0.154	0.155	0.157	0.155	0.153	0.153
Plate_4	21	0.747	0.727	0.739	1.08	0.728	0.69	0.149	0.146	0.154	0.754	0.156	0.147	0.774	0.744	0.741	0.746	0.742	0.722	0.15	0.154	0.15	0.143	0.148	0.146	0.752	0.73	0.737	0.777	0.741	0.701	0.151	0.16	0.15	0.148	0.143	0.148	0.756	0.745	0.742	1.022	0.742	0.715	0.154	0.151	0.151	0.154	0.15	0.145	0.745	0.736	0.736	0.901	0.723	0.695	0.155	0.155	0.151	0.151	0.15	0.151	0.765	0.754	0.744	0.794	0.748	0.701	0.151	0.152	0.153	0.152	0.151	0.154	0.802	0.781	0.787	1.15	0.775	1.138	0.159	0.16	0.158	0.156	0.155	0.152	0.811	0.793	0.79	0.815	0.777	0.738	0.153	0.154	0.156	0.154	0.153	0.153
Plate_4	22	0.749	0.731	0.739	1.071	0.727	0.694	0.149	0.146	0.154	0.752	0.153	0.147	0.777	0.744	0.741	0.751	0.743	0.721	0.15	0.154	0.15	0.143	0.148	0.146	0.753	0.731	0.738	0.778	0.745	0.701	0.151	0.16	0.15	0.148	0.144	0.149	0.758	0.747	0.74	1.008	0.746	0.713	0.154	0.151	0.151	0.155	0.151	0.145	0.746	0.737	0.734	0.899	0.724	0.693	0.155	0.155	0.151	0.151	0.15	0.152	0.768	0.756	0.746	0.797	0.749	0.698	0.151	0.153	0.153	0.152	0.151	0.154	0.804	0.78	0.788	1.153	0.776	1.131	0.159	0.161	0.159	0.156	0.155	0.152	0.811	0.796	0.791	0.813	0.779	0.74	0.153	0.154	0.156	0.155	0.153	0.153
Plate_4	23	0.753	0.732	0.74	1.061	0.732	0.692	0.149	0.146	0.154	0.758	0.153	0.147	0.776	0.744	0.743	0.752	0.746	0.722	0.15	0.154	0.15	0.143	0.148	0.146	0.754	0.733	0.738	0.782	0.747	0.701	0.151	0.16	0.15	0.148	0.143	0.149	0.76	0.747	0.743	0.995	0.744	0.715	0.154	0.151	0.151	0.154	0.15	0.145	0.747	0.739	0.735	0.898	0.727	0.693	0.155	0.155	0.151	0.151	0.15	0.151	0.769	0.756	0.747	0.8	0.75	0.697	0.151	0.152	0.153	0.152	0.151	0.154	0.806	0.782	0.79	1.159	0.777	1.119	0.159	0.16	0.159	0.156	0.155	0.152	0.815	0.798	0.792	0.807	0.78	0.741	0.153	0.154	0.156	0.154	0.152	0.153
Plate_4	24	0.752	0.731	0.741	1.051	0.733	0.693	0.149	0.149	0.154	0.759	0.153	0.15	0.778	0.746	0.745	0.755	0.746	0.722	0.151	0.155	0.15	0.146	0.148	0.148	0.755	0.735	0.741	0.787	0.747	0.7	0.151	0.16	0.15	0.148	0.146	0.149	0.762	0.749	0.741	0.983	0.745	0.714	0.154	0.151	0.151	0.155	0.15	0.148	0.75	0.741	0.737	0.894	0.728	0.693	0.155	0.155	0.151	0.151	0.153	0.152	0.773	0.757	0.749	0.805	0.751	0.698	0.151	0.155	0.153	0.152	0.154	0.154	0.809	0.784	0.792	1.161	0.781	1.107	0.159	0.161	0.159	0.156	0.158	0.154	0.819	0.8	0.794	0.804	0.783	0.743	0.156	0.157	0.159	0.157	0.155	0.154