Plate	Time	A1	A2	A3	A4	A5	A6	A7	A8	A9	A10	A11	A12	B1	B2	B3	B4	B5	B6	B7	B8	B9	B10	B11	B12	C1	C2	C3	C4	C5	C6	C7	C8	C9	C10	C11	C12	D1	D2	D3	D4	D5	D6	D7	D8	D9	D10	D11	D12	E1	E2	E3	E4	E5	E6	E7	E8	E9	E10	E11	E12	F1	F2	F3	F4	F5	F6	F7	F8	F9	F10	F11	F12	G1	G2	G3	G4	G5	G6	G7	G8	G9	G10	G11	G12	H1	H2	H3	H4	H5	H6	H7	H8	H9	H10	H11	H12
Plate_1	0	0.226	0.254	0.23	0.215	0.223	0.218	0.221	0.224	0.168	0.248	0.259	0.268	0.214	0.212	0.219	0.223	0.215	0.22	0.217	0.221	0.162	0.217	0.24	0.232	0.225	0.248	0.243	0.233	0.237	0.218	0.218	0.23	0.162	0.229	0.218	0.22	0.229	0.218	0.222	0.208	0.214	0.209	0.215	0.227	0.161	0.234	0.235	0.228	0.235	0.218	0.233	0.209	0.222	0.232	0.224	0.241	0.163	0.221	0.231	0.245	0.249	0.24	0.239	0.229	0.246	0.228	0.227	0.231	0.163	0.218	0.232	0.228	0.251	0.252	0.24	0.227	0.259	0.234	0.246	0.237	0.194	0.237	0.24	0.247	0.243	0.232	0.239	0.207	0.229	0.229	0.233	0.224	0.169	0.237	0.234	0.219
Plate_1	1	0.25	0.349	0.279	0.247	0.278	0.27	0.279	0.291	0.164	0.374	0.391	0.425	0.228	0.255	0.283	0.256	0.274	0.303	0.329	0.29	0.163	0.27	0.343	0.308	0.243	0.317	0.333	0.323	0.348	0.311	0.327	0.353	0.186	0.3	0.279	0.263	0.248	0.259	0.314	0.289	0.314	0.289	0.327	0.371	0.17	0.326	0.326	0.314	0.266	0.263	0.313	0.282	0.328	0.353	0.362	0.378	0.208	0.259	0.297	0.325	0.304	0.307	0.335	0.279	0.372	0.362	0.352	0.328	0.191	0.261	0.311	0.294	0.344	0.364	0.353	0.29	0.392	0.342	0.361	0.314	0.168	0.348	0.348	0.366	0.328	0.354	0.364	0.247	0.338	0.34	0.326	0.252	0.163	0.339	0.36	0.32
Plate_1	2	0.335	0.531	0.457	0.379	0.464	0.448	0.46	0.483	0.162	0.521	0.587	0.611	0.276	0.401	0.422	0.381	0.397	0.442	0.439	0.434	0.16	0.417	0.531	0.495	0.295	0.498	0.535	0.41	0.504	0.449	0.478	0.494	0.171	0.452	0.455	0.407	0.341	0.421	0.447	0.368	0.413	0.4	0.411	0.513	0.159	0.506	0.545	0.494	0.383	0.428	0.462	0.35	0.454	0.517	0.478	0.569	0.16	0.408	0.495	0.532	0.456	0.499	0.539	0.418	0.528	0.51	0.495	0.49	0.158	0.409	0.507	0.49	0.508	0.577	0.586	0.482	0.626	0.567	0.581	0.47	0.186	0.535	0.571	0.591	0.489	0.571	0.587	0.409	0.562	0.59	0.547	0.272	0.161	0.54	0.587	0.546
Plate_1	3	0.437	0.585	0.557	0.496	0.556	0.565	0.564	0.554	0.163	0.584	0.641	0.647	0.364	0.506	0.54	0.496	0.513	0.554	0.571	0.547	0.16	0.499	0.637	0.507	0.392	0.58	0.625	0.519	0.605	0.547	0.577	0.591	0.158	0.533	0.548	0.471	0.474	0.586	0.575	0.489	0.559	0.507	0.545	0.614	0.159	0.592	0.633	0.527	0.499	0.547	0.572	0.47	0.572	0.646	0.587	0.693	0.16	0.505	0.611	0.632	0.543	0.588	0.648	0.543	0.639	0.622	0.592	0.598	0.157	0.506	0.591	0.598	0.555	0.658	0.694	0.64	0.737	0.691	0.699	0.537	0.189	0.617	0.665	0.687	0.551	0.645	0.673	0.534	0.66	0.704	0.587	0.271	0.161	0.619	0.66	0.62
Plate_1	4	0.467	0.588	0.571	0.514	0.55	0.558	0.554	0.545	0.162	0.627	0.66	0.716	0.414	0.51	0.541	0.526	0.525	0.573	0.58	0.552	0.159	0.511	0.646	0.579	0.434	0.619	0.649	0.543	0.61	0.567	0.585	0.593	0.158	0.556	0.563	0.556	0.508	0.631	0.596	0.514	0.586	0.531	0.546	0.635	0.159	0.609	0.644	0.588	0.49	0.556	0.606	0.504	0.6	0.674	0.62	0.743	0.16	0.53	0.639	0.652	0.498	0.601	0.662	0.578	0.673	0.664	0.6	0.614	0.157	0.529	0.632	0.633	0.523	0.665	0.701	0.677	0.764	0.726	0.738	0.554	0.164	0.653	0.676	0.723	0.514	0.656	0.674	0.567	0.662	0.708	0.605	0.258	0.161	0.662	0.697	0.637
Plate_1	5	0.455	0.654	0.594	0.501	0.592	0.589	0.579	0.591	0.163	0.692	0.727	0.774	0.415	0.516	0.526	0.511	0.539	0.566	0.593	0.577	0.159	0.569	0.707	0.68	0.426	0.678	0.696	0.557	0.661	0.598	0.645	0.646	0.164	0.618	0.628	0.653	0.457	0.649	0.638	0.504	0.587	0.551	0.57	0.657	0.158	0.664	0.693	0.674	0.465	0.59	0.655	0.502	0.625	0.774	0.661	0.788	0.159	0.572	0.68	0.697	0.486	0.652	0.675	0.57	0.684	0.687	0.652	0.651	0.156	0.574	0.681	0.686	0.518	0.709	0.706	0.66	0.755	0.728	0.747	0.586	0.161	0.709	0.728	0.759	0.499	0.692	0.715	0.553	0.666	0.724	0.646	0.243	0.161	0.705	0.747	0.667
Plate_1	6	0.469	0.708	0.672	0.526	0.667	0.672	0.657	0.658	0.161	0.711	0.746	0.752	0.431	0.601	0.602	0.525	0.612	0.645	0.662	0.648	0.159	0.635	0.724	0.696	0.44	0.719	0.738	0.599	0.687	0.654	0.679	0.731	0.173	0.69	0.685	0.672	0.456	0.664	0.682	0.539	0.639	0.616	0.634	0.728	0.158	0.71	0.728	0.686	0.477	0.662	0.708	0.528	0.683	0.823	0.708	0.825	0.159	0.638	0.719	0.712	0.506	0.7	0.721	0.584	0.731	0.725	0.708	0.711	0.156	0.65	0.725	0.713	0.543	0.743	0.74	0.638	0.768	0.753	0.798	0.63	0.169	0.733	0.741	0.751	0.519	0.722	0.758	0.544	0.699	0.775	0.687	0.229	0.161	0.748	0.746	0.714
Plate_1	7	0.498	0.711	0.707	0.596	0.694	0.691	0.683	0.685	0.161	0.709	0.724	0.765	0.464	0.661	0.662	0.585	0.669	0.701	0.687	0.685	0.158	0.678	0.716	0.695	0.473	0.719	0.737	0.645	0.695	0.673	0.687	0.715	0.157	0.697	0.682	0.669	0.487	0.712	0.713	0.596	0.689	0.662	0.682	0.719	0.158	0.716	0.711	0.694	0.511	0.696	0.736	0.572	0.702	0.807	0.727	0.799	0.159	0.676	0.709	0.702	0.541	0.723	0.731	0.621	0.743	0.733	0.728	0.735	0.156	0.686	0.703	0.704	0.582	0.738	0.737	0.658	0.753	0.734	0.772	0.65	0.159	0.736	0.729	0.745	0.557	0.72	0.753	0.589	0.712	0.748	0.709	0.219	0.161	0.729	0.741	0.71
Plate_1	8	0.547	0.718	0.716	0.641	0.703	0.695	0.69	0.694	0.162	0.732	0.737	0.786	0.515	0.671	0.682	0.627	0.684	0.702	0.688	0.705	0.158	0.686	0.721	0.713	0.527	0.726	0.746	0.66	0.706	0.683	0.694	0.725	0.164	0.707	0.675	0.689	0.534	0.712	0.713	0.637	0.686	0.648	0.685	0.723	0.158	0.731	0.719	0.716	0.56	0.69	0.74	0.625	0.693	0.755	0.719	0.788	0.159	0.68	0.713	0.714	0.59	0.726	0.732	0.659	0.746	0.746	0.726	0.741	0.155	0.689	0.712	0.713	0.635	0.736	0.745	0.681	0.779	0.736	0.788	0.682	0.165	0.748	0.736	0.749	0.603	0.73	0.752	0.636	0.715	0.755	0.728	0.213	0.161	0.736	0.775	0.71
Plate_1	9	0.611	0.74	0.721	0.642	0.723	0.709	0.702	0.708	0.161	0.74	0.742	0.793	0.582	0.68	0.68	0.626	0.69	0.708	0.697	0.711	0.157	0.706	0.724	0.726	0.588	0.734	0.753	0.665	0.715	0.696	0.704	0.723	0.157	0.719	0.685	0.703	0.592	0.713	0.722	0.64	0.697	0.661	0.697	0.734	0.157	0.737	0.725	0.734	0.611	0.703	0.738	0.634	0.716	0.752	0.731	0.783	0.158	0.695	0.719	0.724	0.638	0.732	0.748	0.651	0.749	0.75	0.732	0.767	0.155	0.703	0.728	0.723	0.687	0.75	0.764	0.671	0.787	0.753	0.787	0.715	0.187	0.764	0.748	0.762	0.655	0.746	0.768	0.643	0.726	0.772	0.75	0.21	0.161	0.757	0.781	0.724
Plate_1	10	0.676	0.751	0.739	0.655	0.74	0.732	0.72	0.724	0.16	0.75	0.748	0.804	0.649	0.699	0.703	0.641	0.709	0.722	0.722	0.728	0.157	0.713	0.731	0.742	0.651	0.742	0.76	0.687	0.73	0.708	0.713	0.729	0.157	0.726	0.696	0.713	0.653	0.721	0.742	0.657	0.718	0.67	0.714	0.748	0.157	0.746	0.733	0.747	0.66	0.714	0.74	0.645	0.735	0.752	0.75	0.783	0.158	0.707	0.728	0.734	0.687	0.738	0.762	0.664	0.772	0.774	0.743	0.779	0.155	0.716	0.737	0.731	0.731	0.758	0.767	0.675	0.775	0.769	0.79	0.736	0.166	0.772	0.762	0.768	0.705	0.754	0.782	0.645	0.742	0.776	0.757	0.209	0.16	0.761	0.788	0.743
Plate_1	11	0.73	0.756	0.75	0.67	0.756	0.743	0.736	0.737	0.161	0.754	0.746	0.809	0.709	0.712	0.72	0.659	0.729	0.73	0.736	0.741	0.157	0.725	0.731	0.746	0.707	0.747	0.762	0.694	0.741	0.723	0.729	0.734	0.156	0.735	0.701	0.719	0.705	0.73	0.748	0.67	0.737	0.678	0.727	0.755	0.157	0.748	0.737	0.754	0.708	0.724	0.746	0.659	0.747	0.76	0.756	0.781	0.158	0.717	0.733	0.739	0.728	0.745	0.766	0.678	0.778	0.767	0.757	0.78	0.155	0.729	0.745	0.732	0.768	0.763	0.773	0.686	0.793	0.779	0.8	0.743	0.18	0.781	0.765	0.77	0.748	0.762	0.787	0.657	0.753	0.787	0.765	0.209	0.16	0.773	0.793	0.743
Plate_1	12	0.769	0.758	0.759	0.684	0.762	0.747	0.748	0.753	0.16	0.751	0.745	0.813	0.751	0.72	0.731	0.667	0.734	0.741	0.747	0.749	0.156	0.725	0.73	0.75	0.746	0.75	0.763	0.707	0.74	0.724	0.727	0.74	0.156	0.737	0.704	0.721	0.744	0.737	0.755	0.684	0.742	0.683	0.732	0.759	0.156	0.75	0.738	0.756	0.744	0.731	0.749	0.67	0.753	0.763	0.76	0.779	0.157	0.722	0.733	0.74	0.76	0.748	0.775	0.688	0.784	0.772	0.759	0.782	0.155	0.733	0.748	0.732	0.798	0.762	0.777	0.698	0.793	0.787	0.804	0.745	0.186	0.778	0.761	0.769	0.778	0.765	0.778	0.672	0.761	0.786	0.772	0.209	0.16	0.77	0.793	0.738
Plate_1	13	0.795	0.757	0.757	0.692	0.762	0.758	0.753	0.756	0.158	0.75	0.744	0.808	0.781	0.727	0.74	0.679	0.743	0.743	0.755	0.752	0.156	0.728	0.732	0.754	0.776	0.75	0.76	0.707	0.749	0.732	0.737	0.738	0.157	0.741	0.703	0.728	0.77	0.739	0.756	0.689	0.751	0.689	0.747	0.76	0.156	0.752	0.738	0.759	0.771	0.733	0.751	0.677	0.759	0.763	0.765	0.775	0.157	0.725	0.733	0.74	0.784	0.745	0.77	0.694	0.786	0.781	0.758	0.783	0.154	0.735	0.747	0.731	0.816	0.763	0.775	0.697	0.795	0.785	0.791	0.745	0.17	0.779	0.763	0.764	0.799	0.761	0.768	0.682	0.763	0.785	0.775	0.209	0.159	0.767	0.79	0.74
Plate_1	14	0.815	0.755	0.754	0.703	0.758	0.758	0.75	0.755	0.159	0.748	0.743	0.804	0.801	0.729	0.739	0.686	0.745	0.743	0.763	0.755	0.155	0.726	0.731	0.753	0.798	0.749	0.758	0.705	0.747	0.727	0.731	0.738	0.155	0.741	0.701	0.729	0.79	0.74	0.756	0.7	0.754	0.692	0.742	0.76	0.155	0.749	0.737	0.758	0.792	0.734	0.75	0.684	0.76	0.76	0.767	0.775	0.156	0.726	0.733	0.741	0.801	0.743	0.769	0.695	0.787	0.788	0.757	0.777	0.154	0.737	0.744	0.733	0.829	0.758	0.774	0.713	0.792	0.784	0.79	0.744	0.172	0.779	0.757	0.762	0.812	0.76	0.763	0.683	0.76	0.781	0.773	0.211	0.159	0.768	0.789	0.741
Plate_1	15	0.825	0.749	0.75	0.699	0.757	0.753	0.745	0.746	0.158	0.743	0.739	0.795	0.816	0.728	0.743	0.684	0.745	0.739	0.759	0.749	0.155	0.724	0.728	0.748	0.811	0.746	0.754	0.704	0.743	0.72	0.729	0.732	0.154	0.738	0.697	0.732	0.802	0.736	0.758	0.697	0.748	0.69	0.738	0.754	0.154	0.747	0.734	0.758	0.805	0.732	0.746	0.68	0.758	0.754	0.762	0.77	0.155	0.724	0.728	0.738	0.81	0.74	0.764	0.695	0.782	0.784	0.754	0.772	0.154	0.737	0.743	0.729	0.836	0.755	0.768	0.706	0.787	0.784	0.786	0.737	0.164	0.774	0.757	0.757	0.821	0.753	0.758	0.68	0.756	0.776	0.772	0.213	0.158	0.765	0.782	0.732
Plate_1	16	0.833	0.745	0.745	0.698	0.752	0.749	0.742	0.746	0.158	0.744	0.739	0.795	0.825	0.727	0.738	0.686	0.74	0.737	0.753	0.747	0.154	0.725	0.727	0.749	0.82	0.745	0.75	0.7	0.74	0.72	0.728	0.73	0.154	0.738	0.695	0.734	0.81	0.734	0.751	0.7	0.748	0.688	0.739	0.752	0.154	0.747	0.731	0.758	0.816	0.732	0.742	0.682	0.755	0.752	0.759	0.767	0.155	0.726	0.726	0.737	0.819	0.738	0.758	0.692	0.78	0.775	0.75	0.769	0.153	0.735	0.739	0.729	0.842	0.753	0.764	0.696	0.784	0.778	0.782	0.733	0.17	0.772	0.752	0.752	0.828	0.752	0.755	0.673	0.751	0.771	0.768	0.216	0.158	0.757	0.779	0.729
Plate_1	17	0.832	0.745	0.743	0.694	0.749	0.745	0.739	0.744	0.157	0.742	0.74	0.793	0.828	0.726	0.735	0.684	0.737	0.736	0.753	0.743	0.154	0.723	0.725	0.75	0.824	0.744	0.748	0.696	0.735	0.716	0.725	0.728	0.153	0.734	0.695	0.733	0.813	0.732	0.748	0.696	0.743	0.686	0.736	0.748	0.153	0.745	0.729	0.755	0.821	0.732	0.741	0.677	0.751	0.748	0.756	0.764	0.154	0.726	0.725	0.736	0.824	0.736	0.755	0.69	0.778	0.776	0.748	0.768	0.152	0.735	0.739	0.73	0.845	0.749	0.764	0.696	0.779	0.773	0.779	0.726	0.165	0.768	0.75	0.752	0.833	0.75	0.753	0.667	0.75	0.77	0.763	0.222	0.158	0.755	0.78	0.728
Plate_1	18	0.833	0.749	0.742	0.693	0.748	0.743	0.742	0.747	0.159	0.746	0.745	0.793	0.829	0.725	0.732	0.679	0.732	0.731	0.749	0.74	0.153	0.721	0.725	0.75	0.829	0.745	0.747	0.691	0.732	0.714	0.718	0.727	0.154	0.735	0.694	0.734	0.815	0.731	0.744	0.691	0.741	0.685	0.736	0.747	0.153	0.741	0.726	0.757	0.825	0.732	0.738	0.674	0.747	0.747	0.753	0.764	0.154	0.724	0.725	0.732	0.826	0.735	0.759	0.683	0.774	0.775	0.748	0.762	0.152	0.732	0.739	0.729	0.847	0.748	0.76	0.688	0.773	0.767	0.777	0.722	0.163	0.763	0.745	0.75	0.835	0.746	0.752	0.66	0.744	0.761	0.757	0.232	0.157	0.753	0.777	0.729
Plate_1	19	0.837	0.748	0.743	0.686	0.746	0.744	0.741	0.746	0.157	0.743	0.748	0.794	0.831	0.724	0.728	0.677	0.73	0.733	0.747	0.742	0.152	0.72	0.724	0.748	0.828	0.74	0.745	0.688	0.73	0.71	0.716	0.724	0.155	0.73	0.691	0.734	0.817	0.728	0.741	0.686	0.738	0.682	0.739	0.747	0.153	0.737	0.724	0.754	0.827	0.731	0.739	0.667	0.744	0.744	0.747	0.759	0.153	0.719	0.722	0.733	0.829	0.738	0.751	0.678	0.77	0.763	0.747	0.759	0.151	0.729	0.734	0.727	0.848	0.75	0.757	0.681	0.767	0.764	0.769	0.714	0.157	0.756	0.741	0.749	0.838	0.749	0.749	0.657	0.743	0.758	0.749	0.247	0.157	0.749	0.776	0.727
Plate_1	20	0.841	0.75	0.741	0.68	0.745	0.739	0.74	0.743	0.157	0.743	0.751	0.795	0.835	0.726	0.726	0.669	0.731	0.733	0.746	0.738	0.152	0.717	0.725	0.753	0.831	0.742	0.746	0.683	0.729	0.712	0.715	0.725	0.152	0.729	0.69	0.738	0.821	0.728	0.739	0.683	0.736	0.679	0.732	0.747	0.152	0.737	0.723	0.755	0.83	0.734	0.738	0.663	0.744	0.743	0.749	0.761	0.153	0.72	0.72	0.734	0.833	0.736	0.749	0.673	0.768	0.769	0.745	0.757	0.151	0.726	0.733	0.728	0.849	0.752	0.757	0.68	0.766	0.762	0.77	0.713	0.169	0.755	0.739	0.748	0.841	0.749	0.751	0.653	0.742	0.758	0.747	0.27	0.157	0.748	0.775	0.73
Plate_1	21	0.848	0.755	0.744	0.678	0.748	0.744	0.743	0.744	0.159	0.747	0.756	0.797	0.838	0.727	0.728	0.669	0.732	0.733	0.746	0.741	0.155	0.719	0.728	0.755	0.838	0.744	0.745	0.681	0.729	0.712	0.717	0.727	0.155	0.73	0.69	0.74	0.827	0.729	0.741	0.679	0.739	0.68	0.729	0.746	0.155	0.737	0.726	0.76	0.835	0.733	0.739	0.661	0.745	0.746	0.751	0.763	0.155	0.717	0.718	0.733	0.836	0.739	0.753	0.671	0.77	0.768	0.745	0.763	0.154	0.726	0.735	0.729	0.855	0.754	0.759	0.673	0.767	0.763	0.771	0.709	0.167	0.751	0.738	0.75	0.847	0.75	0.753	0.648	0.743	0.757	0.748	0.302	0.16	0.748	0.776	0.731
Plate_1	22	0.852	0.755	0.744	0.677	0.748	0.743	0.744	0.745	0.16	0.749	0.76	0.799	0.843	0.729	0.729	0.668	0.733	0.735	0.746	0.741	0.156	0.719	0.73	0.76	0.842	0.749	0.747	0.68	0.729	0.713	0.717	0.727	0.16	0.729	0.69	0.74	0.832	0.731	0.741	0.679	0.735	0.681	0.728	0.746	0.156	0.735	0.729	0.759	0.839	0.736	0.74	0.657	0.747	0.745	0.75	0.76	0.156	0.718	0.72	0.737	0.842	0.741	0.751	0.665	0.766	0.765	0.745	0.762	0.154	0.726	0.734	0.731	0.857	0.757	0.757	0.671	0.768	0.761	0.766	0.707	0.181	0.747	0.741	0.75	0.852	0.751	0.754	0.65	0.741	0.754	0.747	0.334	0.16	0.747	0.778	0.732
Plate_1	23	0.857	0.757	0.749	0.677	0.749	0.744	0.744	0.749	0.16	0.753	0.765	0.8	0.848	0.731	0.729	0.663	0.73	0.734	0.748	0.741	0.156	0.72	0.732	0.761	0.847	0.751	0.749	0.679	0.726	0.712	0.715	0.728	0.156	0.729	0.692	0.744	0.836	0.732	0.741	0.676	0.737	0.682	0.728	0.747	0.156	0.736	0.731	0.76	0.842	0.739	0.741	0.655	0.745	0.744	0.748	0.762	0.156	0.716	0.722	0.741	0.845	0.743	0.751	0.665	0.764	0.762	0.749	0.757	0.154	0.725	0.734	0.733	0.86	0.76	0.758	0.667	0.768	0.761	0.764	0.709	0.179	0.749	0.739	0.753	0.854	0.752	0.756	0.65	0.74	0.753	0.745	0.377	0.16	0.745	0.78	0.732
Plate_2	0	0.24	0.255	0.241	0.241	0.243	0.235	0.248	0.252	0.254	0.227	0.253	0.254	0.253	0.22	0.23	0.236	0.207	0.211	0.247	0.224	0.219	0.2	0.258	0.237	0.234	0.249	0.24	0.225	0.23	0.223	0.246	0.263	0.242	0.22	0.235	0.243	0.23	0.217	0.225	0.222	0.213	0.209	0.238	0.21	0.234	0.206	0.235	0.219	0.237	0.215	0.221	0.225	0.21	0.205	0.216	0.231	0.231	0.213	0.222	0.223	0.217	0.207	0.217	0.221	0.199	0.196	0.213	0.213	0.222	0.196	0.218	0.218	0.216	0.222	0.215	0.213	0.202	0.2	0.207	0.221	0.217	0.196	0.23	0.222	0.217	0.21	0.218	0.208	0.205	0.189	0.213	0.232	0.21	0.203	0.219	0.222
Plate_2	1	0.35	0.365	0.347	0.354	0.347	0.298	0.348	0.353	0.319	0.271	0.358	0.335	0.386	0.288	0.329	0.341	0.251	0.251	0.33	0.264	0.256	0.219	0.341	0.308	0.325	0.361	0.335	0.301	0.306	0.285	0.336	0.372	0.309	0.252	0.299	0.309	0.307	0.272	0.278	0.277	0.263	0.243	0.312	0.245	0.28	0.23	0.279	0.268	0.308	0.279	0.289	0.294	0.251	0.235	0.269	0.286	0.284	0.234	0.27	0.281	0.29	0.26	0.28	0.297	0.225	0.226	0.274	0.272	0.27	0.21	0.259	0.264	0.306	0.302	0.281	0.289	0.24	0.23	0.25	0.261	0.274	0.213	0.269	0.283	0.297	0.288	0.294	0.274	0.244	0.213	0.288	0.3	0.271	0.226	0.299	0.299
Plate_2	2	0.545	0.575	0.549	0.572	0.517	0.423	0.601	0.549	0.509	0.33	0.526	0.521	0.606	0.459	0.517	0.524	0.392	0.381	0.541	0.426	0.379	0.24	0.542	0.5	0.538	0.594	0.557	0.508	0.491	0.423	0.535	0.593	0.508	0.308	0.475	0.507	0.536	0.46	0.501	0.474	0.433	0.376	0.525	0.393	0.486	0.279	0.442	0.426	0.519	0.456	0.496	0.529	0.399	0.338	0.445	0.483	0.45	0.259	0.422	0.442	0.467	0.411	0.461	0.52	0.327	0.314	0.436	0.428	0.418	0.223	0.375	0.402	0.5	0.481	0.477	0.529	0.385	0.31	0.399	0.419	0.45	0.23	0.404	0.459	0.487	0.479	0.531	0.491	0.379	0.273	0.504	0.508	0.464	0.277	0.501	0.485
Plate_2	3	0.628	0.654	0.663	0.665	0.623	0.491	0.662	0.731	0.658	0.391	0.592	0.567	0.7	0.573	0.643	0.612	0.51	0.498	0.622	0.577	0.517	0.281	0.628	0.577	0.649	0.687	0.69	0.617	0.642	0.53	0.593	0.74	0.656	0.369	0.599	0.588	0.651	0.592	0.655	0.585	0.615	0.503	0.634	0.599	0.629	0.336	0.565	0.513	0.607	0.576	0.625	0.693	0.549	0.42	0.579	0.629	0.572	0.308	0.541	0.542	0.547	0.522	0.572	0.659	0.436	0.384	0.532	0.54	0.555	0.255	0.481	0.496	0.568	0.575	0.578	0.684	0.504	0.381	0.554	0.562	0.596	0.271	0.507	0.55	0.553	0.559	0.629	0.627	0.497	0.336	0.589	0.618	0.57	0.337	0.575	0.55
Plate_2	4	0.679	0.697	0.688	0.708	0.671	0.511	0.716	0.782	0.699	0.43	0.637	0.669	0.737	0.598	0.672	0.656	0.568	0.549	0.68	0.614	0.551	0.314	0.692	0.649	0.666	0.727	0.745	0.649	0.716	0.551	0.664	0.818	0.684	0.407	0.628	0.648	0.661	0.62	0.705	0.583	0.699	0.57	0.671	0.673	0.672	0.368	0.587	0.567	0.608	0.605	0.649	0.772	0.595	0.48	0.642	0.686	0.6	0.345	0.558	0.562	0.539	0.558	0.593	0.718	0.495	0.435	0.556	0.584	0.579	0.284	0.521	0.514	0.559	0.584	0.58	0.748	0.547	0.434	0.576	0.59	0.604	0.3	0.522	0.563	0.548	0.565	0.634	0.606	0.519	0.386	0.564	0.631	0.576	0.365	0.579	0.551
Plate_2	5	0.724	0.755	0.724	0.772	0.724	0.538	0.784	0.78	0.73	0.45	0.704	0.742	0.794	0.636	0.699	0.733	0.582	0.547	0.752	0.636	0.589	0.345	0.722	0.726	0.717	0.755	0.748	0.711	0.762	0.568	0.747	0.841	0.727	0.44	0.681	0.72	0.707	0.632	0.73	0.657	0.739	0.57	0.743	0.688	0.683	0.403	0.649	0.668	0.623	0.595	0.664	0.71	0.596	0.489	0.674	0.708	0.624	0.366	0.581	0.581	0.553	0.556	0.609	0.682	0.502	0.455	0.599	0.607	0.613	0.306	0.547	0.533	0.575	0.594	0.582	0.682	0.535	0.455	0.592	0.6	0.62	0.316	0.53	0.581	0.57	0.553	0.632	0.612	0.503	0.411	0.626	0.645	0.582	0.375	0.594	0.575
Plate_2	6	0.751	0.758	0.756	0.781	0.745	0.588	0.78	0.76	0.739	0.489	0.738	0.736	0.806	0.693	0.75	0.746	0.604	0.568	0.756	0.696	0.659	0.383	0.721	0.728	0.753	0.765	0.79	0.755	0.778	0.616	0.744	0.848	0.758	0.48	0.72	0.727	0.756	0.693	0.764	0.74	0.754	0.564	0.779	0.709	0.732	0.434	0.699	0.707	0.671	0.617	0.702	0.809	0.593	0.48	0.725	0.726	0.669	0.383	0.628	0.621	0.6	0.578	0.636	0.732	0.488	0.448	0.671	0.649	0.635	0.331	0.587	0.577	0.614	0.622	0.625	0.715	0.522	0.45	0.651	0.618	0.652	0.333	0.563	0.627	0.616	0.585	0.656	0.689	0.481	0.41	0.695	0.671	0.62	0.386	0.633	0.618
Plate_2	7	0.746	0.747	0.75	0.764	0.741	0.608	0.774	0.747	0.746	0.564	0.732	0.745	0.785	0.714	0.745	0.75	0.664	0.603	0.763	0.732	0.698	0.43	0.718	0.732	0.743	0.761	0.778	0.736	0.758	0.65	0.75	0.83	0.757	0.555	0.721	0.728	0.745	0.73	0.782	0.739	0.763	0.589	0.764	0.75	0.751	0.498	0.71	0.699	0.694	0.655	0.728	0.837	0.603	0.488	0.752	0.728	0.702	0.404	0.667	0.664	0.646	0.621	0.679	0.745	0.489	0.451	0.715	0.683	0.682	0.356	0.634	0.628	0.647	0.656	0.657	0.745	0.524	0.443	0.713	0.649	0.695	0.351	0.619	0.663	0.657	0.624	0.684	0.745	0.48	0.396	0.72	0.699	0.665	0.395	0.662	0.652
Plate_2	8	0.748	0.759	0.762	0.783	0.759	0.64	0.782	0.754	0.747	0.614	0.737	0.762	0.786	0.713	0.74	0.767	0.688	0.653	0.78	0.731	0.714	0.511	0.722	0.749	0.737	0.777	0.784	0.751	0.751	0.671	0.774	0.828	0.763	0.623	0.72	0.745	0.74	0.73	0.773	0.752	0.756	0.635	0.787	0.754	0.753	0.581	0.713	0.716	0.705	0.675	0.735	0.821	0.622	0.502	0.753	0.731	0.713	0.445	0.685	0.677	0.669	0.659	0.709	0.74	0.514	0.469	0.717	0.701	0.707	0.382	0.665	0.66	0.666	0.664	0.688	0.735	0.548	0.452	0.731	0.684	0.71	0.368	0.664	0.675	0.684	0.646	0.702	0.735	0.5	0.394	0.712	0.705	0.689	0.413	0.672	0.668
Plate_2	9	0.752	0.768	0.771	0.804	0.759	0.651	0.79	0.764	0.754	0.606	0.745	0.777	0.788	0.724	0.764	0.783	0.697	0.668	0.791	0.739	0.713	0.58	0.732	0.762	0.747	0.781	0.792	0.774	0.762	0.68	0.786	0.829	0.767	0.622	0.73	0.757	0.744	0.736	0.784	0.768	0.739	0.659	0.807	0.75	0.757	0.616	0.72	0.73	0.708	0.684	0.74	0.801	0.654	0.533	0.759	0.731	0.725	0.508	0.69	0.681	0.677	0.68	0.713	0.754	0.559	0.507	0.728	0.708	0.721	0.435	0.674	0.667	0.675	0.671	0.693	0.743	0.589	0.484	0.731	0.697	0.721	0.399	0.679	0.681	0.689	0.66	0.701	0.745	0.535	0.412	0.72	0.708	0.7	0.453	0.681	0.678
Plate_2	10	0.754	0.769	0.772	0.81	0.76	0.672	0.797	0.77	0.761	0.596	0.752	0.786	0.785	0.744	0.781	0.798	0.707	0.685	0.803	0.756	0.723	0.58	0.738	0.776	0.749	0.787	0.799	0.783	0.772	0.699	0.797	0.83	0.774	0.612	0.742	0.77	0.748	0.749	0.785	0.784	0.758	0.671	0.82	0.764	0.762	0.608	0.732	0.747	0.718	0.691	0.737	0.796	0.671	0.566	0.769	0.736	0.732	0.574	0.699	0.693	0.69	0.683	0.714	0.762	0.612	0.538	0.743	0.716	0.728	0.508	0.684	0.678	0.689	0.682	0.698	0.756	0.625	0.517	0.745	0.702	0.729	0.454	0.686	0.694	0.704	0.668	0.715	0.754	0.57	0.442	0.733	0.717	0.709	0.507	0.693	0.691
Plate_2	11	0.757	0.776	0.779	0.818	0.756	0.686	0.801	0.777	0.762	0.591	0.758	0.793	0.784	0.756	0.785	0.814	0.724	0.704	0.81	0.766	0.732	0.571	0.749	0.787	0.752	0.792	0.799	0.794	0.777	0.713	0.811	0.837	0.781	0.609	0.748	0.777	0.751	0.76	0.794	0.799	0.761	0.689	0.831	0.776	0.766	0.596	0.743	0.758	0.727	0.701	0.743	0.805	0.677	0.584	0.78	0.745	0.738	0.591	0.71	0.704	0.702	0.692	0.723	0.776	0.64	0.564	0.753	0.728	0.735	0.571	0.697	0.69	0.7	0.694	0.707	0.77	0.635	0.54	0.757	0.712	0.734	0.517	0.699	0.705	0.714	0.681	0.72	0.762	0.589	0.475	0.744	0.726	0.72	0.554	0.706	0.701
Plate_2	12	0.758	0.779	0.777	0.818	0.759	0.696	0.799	0.776	0.759	0.586	0.757	0.795	0.777	0.763	0.785	0.814	0.736	0.722	0.812	0.768	0.736	0.563	0.751	0.792	0.754	0.79	0.797	0.799	0.77	0.725	0.816	0.837	0.783	0.611	0.753	0.781	0.754	0.767	0.787	0.807	0.769	0.705	0.837	0.782	0.771	0.593	0.748	0.761	0.732	0.713	0.747	0.806	0.682	0.602	0.787	0.749	0.744	0.585	0.717	0.713	0.71	0.702	0.73	0.784	0.648	0.578	0.764	0.734	0.741	0.576	0.706	0.702	0.709	0.703	0.715	0.773	0.643	0.557	0.767	0.722	0.738	0.551	0.71	0.714	0.722	0.692	0.726	0.777	0.599	0.5	0.753	0.732	0.723	0.554	0.713	0.707
Plate_2	13	0.763	0.773	0.778	0.821	0.757	0.695	0.797	0.772	0.755	0.587	0.757	0.797	0.777	0.763	0.783	0.815	0.737	0.727	0.82	0.767	0.736	0.558	0.752	0.795	0.755	0.785	0.786	0.799	0.766	0.732	0.819	0.827	0.779	0.617	0.755	0.782	0.756	0.767	0.784	0.811	0.767	0.716	0.838	0.778	0.771	0.597	0.748	0.763	0.738	0.719	0.75	0.8	0.686	0.619	0.79	0.751	0.746	0.57	0.723	0.718	0.715	0.71	0.735	0.788	0.658	0.598	0.769	0.739	0.744	0.569	0.71	0.708	0.714	0.709	0.722	0.784	0.653	0.576	0.774	0.728	0.742	0.551	0.719	0.72	0.727	0.699	0.734	0.781	0.612	0.517	0.76	0.737	0.725	0.543	0.717	0.713
Plate_2	14	0.759	0.767	0.774	0.821	0.745	0.69	0.798	0.763	0.748	0.585	0.747	0.792	0.775	0.762	0.777	0.82	0.74	0.733	0.818	0.767	0.734	0.557	0.744	0.785	0.753	0.784	0.788	0.806	0.763	0.728	0.816	0.827	0.772	0.619	0.75	0.777	0.755	0.77	0.78	0.82	0.768	0.722	0.83	0.776	0.764	0.599	0.746	0.758	0.738	0.724	0.751	0.8	0.688	0.634	0.789	0.75	0.744	0.55	0.725	0.72	0.718	0.717	0.738	0.79	0.666	0.615	0.774	0.74	0.743	0.547	0.715	0.71	0.717	0.712	0.727	0.778	0.655	0.597	0.78	0.73	0.741	0.537	0.723	0.72	0.73	0.703	0.734	0.783	0.62	0.536	0.762	0.733	0.729	0.52	0.72	0.715
Plate_2	15	0.751	0.765	0.771	0.816	0.742	0.688	0.795	0.762	0.75	0.589	0.748	0.793	0.77	0.763	0.771	0.82	0.731	0.727	0.817	0.761	0.73	0.562	0.748	0.783	0.748	0.783	0.783	0.813	0.762	0.73	0.81	0.811	0.769	0.623	0.749	0.777	0.75	0.77	0.782	0.822	0.759	0.72	0.826	0.776	0.761	0.604	0.744	0.758	0.738	0.729	0.752	0.81	0.689	0.643	0.789	0.751	0.743	0.542	0.727	0.723	0.722	0.721	0.741	0.796	0.668	0.627	0.775	0.739	0.743	0.533	0.718	0.714	0.719	0.715	0.726	0.784	0.659	0.611	0.781	0.733	0.743	0.516	0.727	0.723	0.731	0.708	0.73	0.783	0.625	0.557	0.765	0.734	0.729	0.499	0.722	0.718
Plate_2	16	0.745	0.76	0.764	0.815	0.731	0.683	0.786	0.761	0.749	0.592	0.746	0.795	0.766	0.761	0.77	0.824	0.729	0.726	0.815	0.76	0.73	0.567	0.745	0.782	0.745	0.78	0.783	0.812	0.756	0.727	0.812	0.808	0.767	0.628	0.748	0.776	0.75	0.768	0.782	0.821	0.757	0.721	0.825	0.772	0.759	0.61	0.742	0.759	0.739	0.728	0.755	0.805	0.69	0.649	0.793	0.752	0.744	0.538	0.729	0.725	0.726	0.723	0.742	0.805	0.669	0.638	0.776	0.743	0.743	0.528	0.72	0.718	0.721	0.718	0.728	0.799	0.66	0.619	0.785	0.733	0.743	0.501	0.73	0.725	0.734	0.71	0.732	0.786	0.625	0.573	0.768	0.736	0.73	0.487	0.726	0.721
Plate_2	17	0.74	0.758	0.759	0.812	0.723	0.674	0.779	0.76	0.749	0.592	0.745	0.793	0.763	0.755	0.767	0.819	0.725	0.719	0.807	0.755	0.725	0.569	0.742	0.778	0.741	0.773	0.777	0.809	0.752	0.722	0.809	0.804	0.762	0.628	0.744	0.773	0.745	0.763	0.773	0.817	0.755	0.718	0.82	0.766	0.754	0.612	0.739	0.757	0.737	0.728	0.75	0.808	0.686	0.653	0.791	0.748	0.748	0.536	0.728	0.725	0.727	0.724	0.74	0.807	0.667	0.642	0.776	0.735	0.744	0.526	0.721	0.719	0.724	0.722	0.727	0.783	0.659	0.628	0.786	0.732	0.737	0.49	0.731	0.727	0.734	0.714	0.734	0.782	0.625	0.583	0.772	0.737	0.727	0.481	0.726	0.723
Plate_2	18	0.739	0.76	0.76	0.807	0.715	0.668	0.775	0.762	0.748	0.594	0.743	0.793	0.763	0.752	0.764	0.818	0.719	0.714	0.804	0.754	0.727	0.574	0.741	0.779	0.739	0.772	0.775	0.81	0.744	0.716	0.809	0.808	0.764	0.631	0.741	0.772	0.744	0.761	0.772	0.816	0.754	0.713	0.819	0.765	0.756	0.615	0.739	0.757	0.742	0.73	0.752	0.806	0.684	0.653	0.792	0.752	0.745	0.538	0.728	0.728	0.73	0.727	0.741	0.809	0.668	0.647	0.778	0.738	0.744	0.529	0.721	0.722	0.726	0.722	0.729	0.785	0.659	0.63	0.786	0.735	0.737	0.486	0.734	0.729	0.736	0.722	0.734	0.783	0.626	0.59	0.774	0.739	0.73	0.476	0.729	0.725
Plate_2	19	0.739	0.758	0.76	0.801	0.721	0.655	0.771	0.763	0.747	0.593	0.745	0.786	0.761	0.75	0.761	0.808	0.712	0.709	0.795	0.752	0.728	0.575	0.738	0.78	0.74	0.771	0.773	0.802	0.738	0.71	0.799	0.805	0.761	0.631	0.739	0.774	0.741	0.76	0.768	0.812	0.744	0.71	0.812	0.762	0.75	0.615	0.738	0.757	0.745	0.729	0.75	0.801	0.679	0.652	0.792	0.749	0.74	0.539	0.729	0.731	0.73	0.728	0.743	0.799	0.663	0.646	0.781	0.738	0.74	0.532	0.723	0.723	0.728	0.726	0.73	0.784	0.654	0.626	0.784	0.736	0.737	0.484	0.737	0.731	0.741	0.721	0.734	0.783	0.624	0.591	0.78	0.742	0.731	0.475	0.732	0.73
Plate_2	20	0.738	0.756	0.75	0.801	0.711	0.647	0.77	0.763	0.746	0.591	0.743	0.789	0.755	0.752	0.76	0.804	0.711	0.705	0.792	0.752	0.724	0.576	0.738	0.78	0.737	0.771	0.769	0.797	0.74	0.707	0.794	0.802	0.756	0.631	0.737	0.77	0.738	0.761	0.762	0.806	0.741	0.708	0.808	0.762	0.745	0.616	0.734	0.76	0.743	0.729	0.745	0.801	0.677	0.647	0.795	0.749	0.739	0.542	0.73	0.731	0.735	0.728	0.743	0.798	0.664	0.642	0.778	0.738	0.739	0.535	0.725	0.727	0.735	0.727	0.731	0.784	0.65	0.621	0.785	0.738	0.737	0.484	0.739	0.736	0.742	0.726	0.737	0.785	0.621	0.591	0.785	0.744	0.732	0.476	0.737	0.735
Plate_2	21	0.741	0.758	0.751	0.802	0.705	0.641	0.769	0.766	0.751	0.59	0.747	0.791	0.754	0.747	0.761	0.802	0.712	0.702	0.792	0.755	0.723	0.577	0.745	0.772	0.738	0.767	0.769	0.795	0.737	0.704	0.794	0.799	0.754	0.63	0.741	0.772	0.741	0.76	0.76	0.806	0.735	0.713	0.806	0.762	0.742	0.617	0.732	0.758	0.745	0.732	0.745	0.805	0.674	0.647	0.8	0.748	0.738	0.544	0.731	0.735	0.737	0.728	0.745	0.802	0.667	0.636	0.778	0.739	0.741	0.54	0.729	0.73	0.735	0.729	0.735	0.786	0.647	0.617	0.789	0.74	0.738	0.486	0.745	0.738	0.743	0.728	0.742	0.786	0.618	0.587	0.79	0.747	0.733	0.478	0.74	0.737
Plate_2	22	0.744	0.759	0.751	0.791	0.701	0.636	0.772	0.768	0.755	0.588	0.749	0.795	0.757	0.744	0.752	0.801	0.719	0.7	0.789	0.748	0.723	0.578	0.747	0.773	0.738	0.764	0.768	0.789	0.729	0.696	0.791	0.791	0.749	0.629	0.738	0.769	0.741	0.75	0.756	0.799	0.734	0.717	0.804	0.755	0.74	0.616	0.73	0.757	0.746	0.73	0.744	0.808	0.673	0.644	0.797	0.747	0.739	0.546	0.731	0.739	0.739	0.728	0.745	0.795	0.658	0.631	0.782	0.739	0.739	0.542	0.731	0.732	0.737	0.727	0.735	0.789	0.644	0.611	0.79	0.741	0.738	0.489	0.749	0.741	0.746	0.732	0.744	0.789	0.614	0.581	0.791	0.748	0.736	0.481	0.741	0.741
Plate_2	23	0.748	0.763	0.752	0.79	0.706	0.629	0.776	0.769	0.755	0.585	0.75	0.795	0.761	0.743	0.752	0.799	0.715	0.702	0.788	0.745	0.723	0.577	0.748	0.773	0.741	0.763	0.763	0.79	0.721	0.7	0.789	0.79	0.751	0.626	0.739	0.772	0.742	0.749	0.753	0.798	0.739	0.693	0.799	0.751	0.741	0.615	0.729	0.759	0.747	0.729	0.749	0.797	0.673	0.635	0.792	0.747	0.738	0.548	0.733	0.74	0.742	0.724	0.749	0.794	0.652	0.625	0.78	0.741	0.739	0.545	0.733	0.735	0.74	0.729	0.736	0.787	0.64	0.605	0.791	0.743	0.739	0.491	0.75	0.745	0.749	0.736	0.746	0.791	0.608	0.572	0.797	0.75	0.736	0.483	0.745	0.742
Plate_3	0	0.236	0.24	0.22	0.206	0.227	0.23	0.24	0.228	0.226	0.221	0.217	0.232	0.214	0.223	0.211	0.198	0.216	0.212	0.22	0.22	0.216	0.215	0.202	0.218	0.222	0.215	0.221	0.203	0.219	0.208	0.218	0.217	0.217	0.214	0.206	0.214	0.224	0.22	0.218	0.216	0.212	0.212	0.217	0.219	0.217	0.22	0.202	0.216	0.226	0.215	0.207	0.199	0.209	0.194	0.213	0.203	0.207	0.209	0.199	0.224	0.221	0.21	0.207	0.195	0.213	0.196	0.21	0.223	0.192	0.213	0.195	0.217	0.212	0.2	0.189	0.193	0.19	0.188	0.195	0.193	0.193	0.201	0.184	0.215	0.225	0.224	0.22	0.197	0.209	0.202	0.216	0.207	0.203	0.205	0.194	0.226
Plate_3	1	0.351	0.361	0.276	0.237	0.329	0.341	0.347	0.326	0.3	0.295	0.269	0.323	0.278	0.29	0.257	0.222	0.308	0.289	0.29	0.303	0.302	0.288	0.251	0.284	0.302	0.286	0.274	0.23	0.297	0.277	0.291	0.281	0.289	0.291	0.254	0.268	0.282	0.305	0.269	0.247	0.285	0.29	0.297	0.286	0.297	0.29	0.255	0.278	0.303	0.281	0.24	0.218	0.271	0.245	0.286	0.263	0.268	0.281	0.221	0.303	0.287	0.275	0.239	0.211	0.264	0.255	0.279	0.291	0.239	0.282	0.212	0.285	0.262	0.26	0.208	0.204	0.224	0.22	0.235	0.242	0.229	0.237	0.197	0.266	0.3	0.337	0.262	0.213	0.274	0.256	0.28	0.291	0.263	0.27	0.217	0.329
Plate_3	2	0.516	0.581	0.479	0.325	0.513	0.564	0.583	0.505	0.489	0.467	0.406	0.508	0.472	0.541	0.45	0.3	0.517	0.506	0.507	0.503	0.491	0.453	0.364	0.499	0.467	0.534	0.472	0.333	0.498	0.505	0.517	0.468	0.48	0.496	0.391	0.447	0.486	0.536	0.476	0.38	0.489	0.528	0.536	0.501	0.493	0.505	0.402	0.506	0.491	0.482	0.37	0.262	0.475	0.443	0.507	0.465	0.463	0.507	0.26	0.542	0.484	0.479	0.368	0.244	0.471	0.421	0.468	0.479	0.385	0.495	0.239	0.478	0.46	0.54	0.278	0.223	0.373	0.371	0.404	0.434	0.388	0.387	0.212	0.444	0.499	0.613	0.419	0.242	0.472	0.473	0.521	0.523	0.459	0.474	0.255	0.55
Plate_3	3	0.585	0.644	0.613	0.447	0.588	0.644	0.655	0.601	0.587	0.564	0.491	0.568	0.582	0.703	0.656	0.419	0.62	0.635	0.629	0.606	0.569	0.539	0.467	0.591	0.544	0.69	0.644	0.462	0.593	0.627	0.628	0.576	0.591	0.586	0.485	0.57	0.61	0.666	0.635	0.526	0.607	0.663	0.671	0.604	0.609	0.613	0.503	0.647	0.562	0.595	0.497	0.331	0.585	0.568	0.61	0.584	0.555	0.604	0.317	0.617	0.55	0.597	0.501	0.3	0.624	0.516	0.575	0.58	0.491	0.581	0.278	0.614	0.595	0.734	0.423	0.289	0.498	0.508	0.524	0.573	0.538	0.477	0.237	0.528	0.565	0.684	0.539	0.311	0.57	0.59	0.631	0.62	0.562	0.574	0.295	0.611
Plate_3	4	0.625	0.677	0.637	0.496	0.624	0.659	0.693	0.633	0.601	0.583	0.498	0.596	0.625	0.786	0.767	0.507	0.645	0.656	0.647	0.64	0.587	0.559	0.487	0.572	0.581	0.728	0.711	0.523	0.629	0.656	0.66	0.62	0.63	0.615	0.505	0.545	0.621	0.716	0.688	0.581	0.646	0.703	0.719	0.655	0.63	0.65	0.527	0.649	0.589	0.631	0.549	0.372	0.612	0.611	0.647	0.643	0.591	0.624	0.345	0.629	0.57	0.632	0.558	0.34	0.659	0.562	0.605	0.62	0.519	0.605	0.302	0.635	0.628	0.791	0.507	0.362	0.536	0.544	0.561	0.608	0.582	0.549	0.258	0.531	0.576	0.699	0.562	0.353	0.59	0.612	0.645	0.639	0.584	0.585	0.32	0.621
Plate_3	5	0.658	0.706	0.65	0.496	0.646	0.688	0.692	0.665	0.63	0.59	0.51	0.684	0.634	0.775	0.811	0.517	0.654	0.655	0.638	0.663	0.6	0.566	0.488	0.664	0.611	0.698	0.728	0.526	0.649	0.665	0.645	0.625	0.635	0.632	0.504	0.634	0.632	0.716	0.677	0.576	0.654	0.705	0.723	0.667	0.632	0.649	0.525	0.685	0.612	0.637	0.55	0.387	0.628	0.607	0.646	0.644	0.576	0.636	0.351	0.64	0.593	0.632	0.561	0.357	0.641	0.558	0.625	0.64	0.514	0.609	0.318	0.652	0.598	0.712	0.506	0.387	0.517	0.527	0.545	0.595	0.55	0.565	0.278	0.534	0.59	0.692	0.549	0.372	0.596	0.592	0.636	0.648	0.567	0.567	0.334	0.641
Plate_3	6	0.705	0.74	0.684	0.524	0.699	0.703	0.74	0.718	0.655	0.638	0.55	0.717	0.656	0.797	0.842	0.514	0.714	0.686	0.681	0.698	0.621	0.621	0.516	0.72	0.661	0.71	0.758	0.537	0.692	0.678	0.679	0.654	0.665	0.677	0.531	0.699	0.657	0.747	0.708	0.586	0.697	0.72	0.754	0.703	0.68	0.7	0.543	0.732	0.659	0.66	0.565	0.404	0.66	0.609	0.677	0.652	0.595	0.671	0.359	0.682	0.624	0.662	0.568	0.375	0.639	0.577	0.649	0.665	0.519	0.638	0.332	0.681	0.601	0.686	0.508	0.404	0.525	0.518	0.544	0.603	0.542	0.521	0.298	0.57	0.625	0.722	0.561	0.381	0.623	0.595	0.656	0.677	0.577	0.598	0.348	0.683
Plate_3	7	0.725	0.727	0.702	0.569	0.711	0.696	0.759	0.723	0.679	0.668	0.596	0.719	0.698	0.812	0.839	0.538	0.762	0.712	0.729	0.728	0.665	0.667	0.569	0.72	0.707	0.76	0.754	0.57	0.745	0.7	0.72	0.685	0.692	0.706	0.572	0.709	0.703	0.768	0.716	0.611	0.732	0.744	0.835	0.737	0.697	0.72	0.594	0.727	0.715	0.715	0.594	0.418	0.695	0.622	0.723	0.684	0.617	0.698	0.374	0.69	0.677	0.695	0.602	0.397	0.692	0.601	0.698	0.711	0.536	0.682	0.347	0.691	0.638	0.69	0.517	0.408	0.546	0.518	0.585	0.635	0.541	0.56	0.316	0.615	0.666	0.721	0.599	0.401	0.669	0.612	0.694	0.702	0.591	0.639	0.378	0.686
Plate_3	8	0.731	0.734	0.727	0.636	0.718	0.696	0.75	0.72	0.687	0.686	0.637	0.733	0.722	0.783	0.829	0.597	0.773	0.719	0.725	0.724	0.68	0.69	0.618	0.727	0.724	0.764	0.777	0.621	0.766	0.718	0.732	0.722	0.699	0.712	0.624	0.707	0.729	0.763	0.732	0.652	0.744	0.751	0.878	0.76	0.701	0.718	0.64	0.726	0.733	0.73	0.637	0.476	0.733	0.655	0.739	0.721	0.649	0.708	0.409	0.686	0.709	0.718	0.642	0.453	0.736	0.627	0.715	0.73	0.565	0.69	0.381	0.686	0.684	0.704	0.571	0.432	0.617	0.553	0.638	0.678	0.575	0.616	0.344	0.653	0.698	0.708	0.645	0.453	0.699	0.643	0.72	0.711	0.63	0.67	0.418	0.689
Plate_3	9	0.735	0.743	0.745	0.688	0.738	0.703	0.745	0.729	0.689	0.692	0.66	0.753	0.727	0.763	0.82	0.654	0.759	0.698	0.74	0.733	0.694	0.699	0.655	0.742	0.725	0.756	0.801	0.668	0.784	0.715	0.727	0.727	0.693	0.716	0.657	0.72	0.738	0.755	0.752	0.692	0.747	0.75	0.922	0.757	0.699	0.727	0.665	0.736	0.742	0.726	0.683	0.537	0.729	0.687	0.733	0.731	0.657	0.714	0.453	0.691	0.721	0.714	0.684	0.518	0.741	0.652	0.71	0.724	0.607	0.695	0.423	0.691	0.709	0.699	0.632	0.477	0.672	0.602	0.684	0.695	0.62	0.658	0.385	0.666	0.707	0.714	0.689	0.515	0.713	0.661	0.72	0.714	0.657	0.682	0.467	0.699
Plate_3	10	0.745	0.754	0.756	0.717	0.739	0.712	0.765	0.732	0.698	0.703	0.67	0.764	0.728	0.749	0.797	0.697	0.752	0.714	0.752	0.726	0.704	0.71	0.667	0.757	0.733	0.752	0.806	0.708	0.793	0.714	0.74	0.714	0.699	0.723	0.668	0.733	0.736	0.757	0.761	0.718	0.752	0.745	0.906	0.744	0.703	0.727	0.675	0.749	0.742	0.726	0.711	0.595	0.736	0.697	0.739	0.727	0.669	0.718	0.504	0.702	0.723	0.71	0.71	0.579	0.737	0.656	0.712	0.715	0.638	0.702	0.474	0.697	0.703	0.693	0.691	0.534	0.696	0.636	0.702	0.694	0.656	0.663	0.433	0.672	0.713	0.725	0.712	0.574	0.715	0.667	0.718	0.711	0.665	0.683	0.517	0.705
Plate_3	11	0.751	0.76	0.765	0.741	0.752	0.717	0.769	0.738	0.701	0.712	0.678	0.769	0.733	0.75	0.789	0.722	0.764	0.721	0.767	0.726	0.705	0.718	0.677	0.767	0.734	0.755	0.807	0.73	0.789	0.718	0.74	0.723	0.707	0.731	0.675	0.74	0.739	0.767	0.762	0.74	0.748	0.756	0.825	0.752	0.716	0.74	0.683	0.755	0.745	0.731	0.726	0.64	0.742	0.692	0.735	0.723	0.671	0.723	0.55	0.708	0.726	0.718	0.726	0.627	0.735	0.658	0.717	0.72	0.635	0.707	0.525	0.702	0.706	0.695	0.711	0.592	0.692	0.641	0.691	0.685	0.657	0.664	0.485	0.68	0.721	0.73	0.731	0.622	0.73	0.666	0.723	0.736	0.681	0.697	0.556	0.71
Plate_3	12	0.757	0.762	0.766	0.76	0.757	0.722	0.776	0.744	0.704	0.719	0.688	0.776	0.736	0.752	0.79	0.743	0.762	0.73	0.773	0.733	0.708	0.728	0.686	0.774	0.738	0.759	0.802	0.753	0.786	0.72	0.755	0.731	0.71	0.738	0.685	0.749	0.745	0.77	0.768	0.757	0.76	0.764	0.794	0.746	0.72	0.751	0.691	0.763	0.752	0.736	0.738	0.68	0.746	0.7	0.746	0.727	0.676	0.731	0.585	0.716	0.736	0.726	0.74	0.669	0.742	0.665	0.727	0.733	0.635	0.715	0.563	0.708	0.718	0.704	0.724	0.639	0.702	0.643	0.701	0.699	0.657	0.677	0.531	0.692	0.726	0.738	0.743	0.662	0.74	0.672	0.736	0.745	0.685	0.708	0.582	0.715
Plate_3	13	0.757	0.765	0.767	0.771	0.76	0.724	0.773	0.746	0.707	0.723	0.696	0.78	0.737	0.752	0.784	0.759	0.761	0.726	0.785	0.747	0.718	0.733	0.687	0.776	0.74	0.762	0.801	0.765	0.793	0.725	0.762	0.732	0.719	0.748	0.689	0.757	0.747	0.771	0.769	0.767	0.76	0.753	0.805	0.75	0.725	0.755	0.696	0.766	0.756	0.743	0.746	0.722	0.753	0.705	0.749	0.731	0.682	0.735	0.602	0.718	0.738	0.73	0.745	0.71	0.747	0.671	0.726	0.738	0.64	0.719	0.582	0.713	0.721	0.71	0.736	0.675	0.71	0.653	0.715	0.708	0.665	0.683	0.564	0.7	0.727	0.74	0.748	0.707	0.743	0.679	0.735	0.745	0.69	0.71	0.592	0.719
Plate_3	14	0.756	0.768	0.77	0.773	0.765	0.727	0.774	0.75	0.706	0.727	0.698	0.783	0.741	0.757	0.782	0.768	0.775	0.738	0.79	0.753	0.722	0.737	0.692	0.781	0.741	0.76	0.801	0.774	0.785	0.724	0.761	0.742	0.724	0.749	0.694	0.761	0.748	0.77	0.767	0.771	0.773	0.755	0.796	0.762	0.729	0.758	0.698	0.767	0.758	0.748	0.748	0.746	0.764	0.705	0.758	0.735	0.683	0.743	0.613	0.724	0.746	0.734	0.75	0.74	0.752	0.677	0.731	0.74	0.646	0.723	0.592	0.716	0.726	0.719	0.748	0.716	0.72	0.663	0.724	0.716	0.672	0.691	0.577	0.705	0.728	0.744	0.753	0.736	0.745	0.683	0.739	0.74	0.682	0.712	0.601	0.72
Plate_3	15	0.754	0.766	0.771	0.772	0.763	0.73	0.773	0.753	0.708	0.728	0.695	0.783	0.74	0.757	0.774	0.773	0.774	0.742	0.786	0.751	0.721	0.738	0.694	0.781	0.738	0.761	0.794	0.774	0.785	0.725	0.767	0.741	0.726	0.749	0.695	0.767	0.746	0.772	0.762	0.77	0.77	0.76	0.798	0.761	0.727	0.758	0.699	0.772	0.755	0.747	0.745	0.754	0.764	0.712	0.759	0.743	0.685	0.739	0.621	0.725	0.741	0.729	0.748	0.749	0.756	0.68	0.731	0.74	0.65	0.728	0.601	0.721	0.728	0.721	0.752	0.744	0.731	0.666	0.727	0.721	0.677	0.689	0.587	0.709	0.73	0.743	0.753	0.746	0.746	0.681	0.74	0.726	0.676	0.714	0.608	0.721
Plate_3	16	0.76	0.764	0.765	0.771	0.767	0.73	0.769	0.753	0.709	0.73	0.699	0.785	0.741	0.763	0.776	0.772	0.763	0.743	0.78	0.753	0.721	0.738	0.693	0.781	0.739	0.759	0.791	0.775	0.784	0.734	0.768	0.742	0.728	0.748	0.693	0.77	0.748	0.775	0.761	0.77	0.775	0.756	0.791	0.755	0.727	0.758	0.7	0.772	0.754	0.75	0.743	0.753	0.761	0.706	0.764	0.748	0.686	0.743	0.629	0.727	0.742	0.732	0.747	0.748	0.758	0.675	0.734	0.739	0.652	0.726	0.608	0.723	0.731	0.719	0.753	0.757	0.739	0.669	0.732	0.723	0.676	0.691	0.598	0.714	0.733	0.742	0.746	0.743	0.747	0.683	0.738	0.726	0.675	0.715	0.613	0.722
Plate_3	17	0.755	0.76	0.762	0.764	0.766	0.729	0.766	0.749	0.708	0.731	0.698	0.787	0.739	0.754	0.766	0.767	0.765	0.746	0.779	0.748	0.72	0.736	0.693	0.78	0.738	0.757	0.786	0.772	0.779	0.733	0.766	0.746	0.723	0.752	0.695	0.775	0.745	0.77	0.755	0.764	0.77	0.755	0.791	0.761	0.724	0.753	0.697	0.776	0.756	0.75	0.738	0.743	0.761	0.704	0.759	0.751	0.681	0.743	0.632	0.729	0.743	0.73	0.741	0.738	0.757	0.677	0.736	0.74	0.651	0.725	0.613	0.726	0.732	0.722	0.751	0.759	0.737	0.672	0.732	0.726	0.679	0.695	0.606	0.718	0.732	0.741	0.743	0.73	0.747	0.681	0.74	0.726	0.672	0.716	0.617	0.724
Plate_3	18	0.755	0.759	0.759	0.756	0.765	0.729	0.764	0.75	0.711	0.732	0.699	0.791	0.741	0.754	0.762	0.762	0.771	0.745	0.775	0.75	0.714	0.734	0.694	0.784	0.734	0.756	0.783	0.765	0.772	0.728	0.772	0.739	0.724	0.748	0.697	0.776	0.743	0.769	0.752	0.759	0.77	0.757	0.786	0.752	0.727	0.756	0.698	0.777	0.755	0.745	0.733	0.73	0.759	0.704	0.761	0.755	0.681	0.738	0.634	0.728	0.747	0.731	0.736	0.726	0.757	0.674	0.73	0.739	0.652	0.724	0.615	0.728	0.733	0.724	0.747	0.752	0.741	0.673	0.733	0.721	0.678	0.693	0.611	0.718	0.731	0.739	0.733	0.715	0.744	0.68	0.741	0.725	0.67	0.719	0.618	0.726
Plate_3	19	0.753	0.766	0.757	0.744	0.763	0.728	0.764	0.747	0.715	0.735	0.7	0.795	0.742	0.75	0.758	0.755	0.773	0.742	0.775	0.745	0.712	0.734	0.695	0.787	0.738	0.755	0.776	0.759	0.769	0.727	0.767	0.737	0.721	0.747	0.696	0.777	0.741	0.765	0.746	0.751	0.765	0.756	0.78	0.748	0.726	0.756	0.7	0.776	0.754	0.744	0.727	0.718	0.759	0.7	0.759	0.747	0.676	0.737	0.634	0.732	0.743	0.731	0.732	0.715	0.759	0.672	0.73	0.741	0.652	0.724	0.616	0.73	0.736	0.722	0.743	0.738	0.741	0.673	0.734	0.722	0.675	0.694	0.614	0.726	0.731	0.735	0.725	0.703	0.745	0.679	0.741	0.727	0.671	0.72	0.618	0.729
Plate_3	20	0.751	0.762	0.756	0.734	0.769	0.731	0.766	0.748	0.715	0.737	0.7	0.799	0.74	0.748	0.755	0.747	0.769	0.74	0.769	0.743	0.71	0.732	0.695	0.787	0.736	0.754	0.771	0.751	0.771	0.726	0.767	0.735	0.719	0.746	0.696	0.779	0.747	0.763	0.745	0.744	0.764	0.752	0.781	0.746	0.724	0.757	0.698	0.779	0.748	0.743	0.723	0.709	0.759	0.699	0.756	0.752	0.676	0.736	0.633	0.734	0.741	0.732	0.728	0.707	0.759	0.67	0.728	0.736	0.65	0.726	0.616	0.733	0.734	0.723	0.736	0.726	0.742	0.674	0.735	0.725	0.674	0.697	0.615	0.729	0.733	0.736	0.72	0.695	0.748	0.678	0.744	0.726	0.673	0.722	0.618	0.732
Plate_3	21	0.753	0.76	0.751	0.727	0.772	0.733	0.77	0.748	0.715	0.742	0.702	0.802	0.739	0.749	0.753	0.739	0.774	0.737	0.768	0.747	0.713	0.738	0.698	0.791	0.738	0.755	0.766	0.745	0.771	0.727	0.764	0.739	0.72	0.747	0.696	0.782	0.746	0.764	0.745	0.739	0.766	0.752	0.779	0.748	0.724	0.757	0.699	0.785	0.749	0.744	0.718	0.703	0.758	0.7	0.756	0.756	0.676	0.74	0.632	0.738	0.745	0.733	0.719	0.701	0.76	0.672	0.732	0.741	0.651	0.725	0.615	0.738	0.736	0.724	0.73	0.716	0.743	0.673	0.737	0.735	0.675	0.7	0.616	0.731	0.734	0.738	0.718	0.689	0.75	0.678	0.746	0.729	0.673	0.725	0.619	0.736
Plate_3	22	0.752	0.758	0.752	0.72	0.772	0.724	0.77	0.746	0.718	0.741	0.701	0.805	0.741	0.745	0.75	0.733	0.768	0.733	0.772	0.742	0.714	0.733	0.696	0.793	0.737	0.757	0.766	0.738	0.767	0.727	0.76	0.736	0.718	0.744	0.695	0.782	0.744	0.767	0.744	0.733	0.764	0.75	0.778	0.745	0.719	0.752	0.697	0.785	0.751	0.741	0.712	0.696	0.754	0.698	0.759	0.755	0.675	0.739	0.629	0.74	0.745	0.733	0.714	0.693	0.759	0.669	0.733	0.744	0.649	0.722	0.613	0.739	0.737	0.724	0.724	0.705	0.745	0.674	0.74	0.726	0.678	0.7	0.615	0.734	0.734	0.737	0.714	0.683	0.752	0.676	0.744	0.725	0.672	0.725	0.617	0.737
Plate_3	23	0.754	0.759	0.749	0.717	0.773	0.73	0.773	0.748	0.717	0.743	0.701	0.81	0.739	0.745	0.747	0.726	0.769	0.731	0.772	0.742	0.711	0.738	0.696	0.796	0.736	0.757	0.763	0.733	0.77	0.727	0.765	0.736	0.717	0.746	0.694	0.79	0.742	0.77	0.744	0.727	0.767	0.747	0.777	0.743	0.718	0.751	0.697	0.789	0.752	0.743	0.706	0.689	0.751	0.695	0.767	0.757	0.675	0.74	0.625	0.744	0.744	0.729	0.71	0.687	0.758	0.668	0.736	0.753	0.648	0.723	0.61	0.743	0.736	0.728	0.715	0.697	0.747	0.671	0.743	0.726	0.687	0.701	0.614	0.738	0.735	0.74	0.709	0.679	0.753	0.677	0.747	0.727	0.673	0.728	0.616	0.741
Plate_4	0	0.239	0.221	0.223	0.266	0.236	0.224	0.201	0.164	0.165	0.165	0.162	0.165	0.243	0.237	0.235	0.225	0.244	0.244	0.168	0.163	0.164	0.183	0.162	0.173	0.249	0.225	0.227	0.215	0.226	0.228	0.161	0.18	0.162	0.189	0.161	0.162	0.219	0.203	0.211	0.236	0.233	0.221	0.169	0.163	0.175	0.162	0.161	0.182	0.801	0.219	0.222	0.218	0.215	0.232	0.167	0.197	0.173	0.167	0.158	0.184	0.216	0.206	0.213	0.193	0.212	0.213	0.169	0.169	0.165	0.161	0.166	0.175	0.199	0.19	0.195	0.234	0.197	0.195	0.169	0.165	0.18	0.171	0.166	0.168	0.202	0.223	0.229	0.308	0.219	0.223	0.168	0.172	0.164	0.163	0.162	0.168
Plate_4	1	0.345	0.293	0.293	0.349	0.342	0.272	0.194	0.164	0.165	0.164	0.162	0.164	0.357	0.332	0.339	0.262	0.326	0.317	0.167	0.163	0.164	0.181	0.161	0.172	0.336	0.305	0.313	0.265	0.314	0.283	0.161	0.184	0.161	0.185	0.161	0.162	0.289	0.241	0.251	0.325	0.294	0.256	0.168	0.162	0.171	0.161	0.161	0.175	0.777	0.285	0.282	0.248	0.289	0.286	0.167	0.19	0.17	0.166	0.158	0.183	0.281	0.256	0.264	0.218	0.262	0.256	0.168	0.168	0.165	0.16	0.164	0.173	0.244	0.22	0.229	0.271	0.226	0.218	0.168	0.164	0.178	0.17	0.166	0.168	0.265	0.296	0.306	0.449	0.298	0.287	0.168	0.169	0.163	0.163	0.163	0.168
Plate_4	2	0.557	0.495	0.536	0.419	0.599	0.442	0.193	0.163	0.164	0.164	0.162	0.164	0.604	0.568	0.571	0.39	0.54	0.56	0.166	0.163	0.163	0.18	0.161	0.171	0.584	0.54	0.564	0.4	0.525	0.474	0.16	0.201	0.161	0.184	0.161	0.162	0.519	0.384	0.408	0.58	0.481	0.415	0.167	0.162	0.17	0.161	0.16	0.177	0.794	0.519	0.494	0.348	0.508	0.459	0.166	0.188	0.169	0.166	0.16	0.183	0.487	0.43	0.458	0.305	0.471	0.433	0.167	0.167	0.165	0.16	0.164	0.171	0.428	0.337	0.365	0.451	0.349	0.299	0.168	0.164	0.176	0.17	0.165	0.167	0.5	0.517	0.55	0.563	0.515	0.499	0.168	0.168	0.163	0.162	0.16	0.167
Plate_4	3	0.647	0.596	0.649	0.48	0.683	0.571	0.193	0.164	0.164	0.164	0.162	0.164	0.722	0.659	0.675	0.359	0.62	0.718	0.166	0.163	0.163	0.179	0.161	0.17	0.702	0.665	0.684	0.477	0.62	0.625	0.161	0.262	0.162	0.184	0.161	0.161	0.643	0.522	0.562	0.705	0.572	0.606	0.168	0.163	0.17	0.162	0.16	0.174	1.086	0.644	0.626	0.425	0.625	0.611	0.167	0.187	0.17	0.166	0.16	0.183	0.588	0.535	0.571	0.398	0.591	0.553	0.167	0.168	0.165	0.161	0.165	0.17	0.562	0.461	0.489	0.587	0.473	0.418	0.17	0.164	0.176	0.17	0.166	0.167	0.639	0.61	0.645	0.612	0.628	0.654	0.168	0.168	0.163	0.163	0.161	0.167
Plate_4	4	0.691	0.617	0.671	0.518	0.721	0.63	0.192	0.164	0.164	0.164	0.162	0.164	0.763	0.698	0.714	0.454	0.688	0.797	0.166	0.164	0.163	0.178	0.161	0.169	0.721	0.685	0.717	0.509	0.685	0.694	0.161	0.474	0.163	0.184	0.162	0.161	0.655	0.558	0.602	0.683	0.614	0.69	0.168	0.164	0.171	0.163	0.16	0.173	1.087	0.671	0.654	0.469	0.66	0.693	0.168	0.187	0.171	0.167	0.16	0.183	0.614	0.566	0.603	0.428	0.608	0.62	0.168	0.169	0.166	0.162	0.164	0.169	0.573	0.493	0.506	0.669	0.516	0.489	0.171	0.165	0.177	0.171	0.167	0.167	0.641	0.641	0.669	0.592	0.657	0.709	0.168	0.168	0.164	0.165	0.162	0.168
Plate_4	5	0.75	0.669	0.696	0.523	0.772	0.657	0.193	0.164	0.164	0.164	0.162	0.165	0.793	0.746	0.766	0.603	0.765	0.826	0.167	0.164	0.163	0.177	0.162	0.169	0.77	0.71	0.756	0.587	0.759	0.712	0.161	0.553	0.162	0.184	0.162	0.162	0.69	0.571	0.625	0.766	0.729	0.698	0.169	0.163	0.171	0.163	0.16	0.173	1.087	0.699	0.698	0.531	0.693	0.726	0.168	0.186	0.17	0.168	0.16	0.183	0.659	0.621	0.648	0.503	0.643	0.637	0.169	0.169	0.166	0.163	0.165	0.169	0.584	0.511	0.511	0.781	0.533	0.513	0.174	0.165	0.177	0.171	0.167	0.167	0.665	0.691	0.718	0.606	0.71	0.729	0.169	0.169	0.164	0.164	0.162	0.168
Plate_4	6	0.771	0.726	0.743	0.557	0.758	0.699	0.194	0.165	0.165	0.164	0.162	0.165	0.786	0.771	0.776	0.749	0.758	0.829	0.167	0.164	0.164	0.176	0.162	0.169	0.784	0.754	0.794	0.713	0.749	0.739	0.161	0.516	0.163	0.184	0.162	0.162	0.738	0.626	0.669	0.817	0.759	0.696	0.168	0.163	0.17	0.163	0.16	0.172	1.089	0.749	0.74	0.647	0.738	0.729	0.168	0.185	0.17	0.168	0.16	0.183	0.725	0.677	0.711	0.638	0.704	0.675	0.168	0.169	0.167	0.162	0.165	0.169	0.655	0.558	0.571	0.931	0.58	0.531	0.173	0.164	0.177	0.171	0.167	0.166	0.711	0.734	0.755	0.652	0.758	0.763	0.17	0.169	0.164	0.164	0.162	0.168
Plate_4	7	0.757	0.734	0.741	0.595	0.773	0.736	0.194	0.164	0.165	0.164	0.162	0.165	0.767	0.752	0.77	0.818	0.762	0.822	0.167	0.164	0.164	0.176	0.162	0.169	0.759	0.75	0.777	0.816	0.74	0.772	0.161	0.49	0.162	0.183	0.162	0.162	0.75	0.678	0.72	0.871	0.748	0.769	0.168	0.163	0.17	0.163	0.161	0.172	1.05	0.741	0.743	0.792	0.746	0.766	0.168	0.185	0.17	0.167	0.16	0.183	0.729	0.706	0.725	0.796	0.725	0.72	0.168	0.169	0.166	0.162	0.165	0.169	0.704	0.63	0.645	1.009	0.662	0.572	0.169	0.164	0.177	0.17	0.167	0.166	0.716	0.737	0.744	0.752	0.763	0.781	0.169	0.169	0.164	0.164	0.162	0.167
Plate_4	8	0.758	0.734	0.748	0.567	0.791	0.757	0.194	0.164	0.164	0.164	0.162	0.165	0.764	0.755	0.778	0.833	0.781	0.81	0.167	0.163	0.163	0.174	0.162	0.169	0.757	0.74	0.768	0.854	0.761	0.781	0.161	0.509	0.162	0.181	0.162	0.161	0.743	0.691	0.714	0.916	0.762	0.793	0.167	0.163	0.169	0.162	0.161	0.171	1.035	0.739	0.74	0.861	0.737	0.774	0.167	0.185	0.169	0.167	0.16	0.182	0.726	0.707	0.722	0.939	0.713	0.732	0.167	0.169	0.165	0.162	0.164	0.168	0.697	0.669	0.67	1.04	0.697	0.642	0.169	0.164	0.175	0.169	0.167	0.165	0.716	0.734	0.742	0.789	0.745	0.759	0.168	0.169	0.164	0.164	0.161	0.167
Plate_4	9	0.77	0.747	0.764	0.58	0.8	0.752	0.194	0.164	0.165	0.164	0.162	0.165	0.776	0.764	0.783	0.811	0.797	0.804	0.167	0.163	0.163	0.174	0.162	0.169	0.76	0.747	0.776	0.874	0.784	0.773	0.16	0.582	0.162	0.18	0.162	0.161	0.756	0.694	0.719	0.975	0.791	0.774	0.167	0.162	0.169	0.162	0.161	0.171	1.04	0.754	0.749	0.869	0.749	0.762	0.167	0.185	0.169	0.166	0.16	0.182	0.739	0.717	0.735	0.944	0.728	0.729	0.166	0.168	0.165	0.162	0.164	0.168	0.704	0.671	0.673	1.028	0.684	0.69	0.168	0.164	0.175	0.169	0.167	0.165	0.72	0.74	0.758	0.714	0.749	0.749	0.168	0.169	0.163	0.164	0.161	0.167
Plate_4	10	0.778	0.765	0.773	0.601	0.813	0.764	0.193	0.163	0.163	0.165	0.162	0.165	0.784	0.773	0.786	0.816	0.813	0.806	0.166	0.164	0.163	0.173	0.161	0.168	0.773	0.757	0.789	0.857	0.792	0.774	0.16	0.613	0.162	0.18	0.161	0.161	0.767	0.714	0.736	1.009	0.804	0.764	0.166	0.162	0.168	0.162	0.161	0.17	1.039	0.765	0.762	0.874	0.766	0.757	0.166	0.184	0.168	0.166	0.16	0.182	0.751	0.725	0.742	0.9	0.745	0.738	0.166	0.168	0.165	0.162	0.164	0.168	0.719	0.686	0.692	0.975	0.707	0.683	0.168	0.163	0.174	0.168	0.166	0.165	0.733	0.75	0.766	0.727	0.755	0.751	0.167	0.169	0.163	0.164	0.161	0.166
Plate_4	11	0.781	0.767	0.775	0.607	0.82	0.774	0.192	0.163	0.163	0.164	0.162	0.165	0.787	0.776	0.797	0.874	0.822	0.808	0.166	0.165	0.163	0.173	0.161	0.168	0.776	0.767	0.794	0.892	0.811	0.776	0.16	0.638	0.161	0.179	0.161	0.161	0.767	0.729	0.748	1.045	0.811	0.769	0.166	0.161	0.168	0.161	0.16	0.17	1.041	0.77	0.77	0.877	0.77	0.769	0.166	0.184	0.167	0.166	0.16	0.182	0.759	0.736	0.747	0.931	0.754	0.744	0.165	0.166	0.165	0.161	0.164	0.167	0.729	0.699	0.706	1.049	0.72	0.694	0.166	0.163	0.174	0.168	0.165	0.165	0.739	0.759	0.77	0.734	0.763	0.754	0.167	0.168	0.163	0.163	0.161	0.166
Plate_4	12	0.784	0.768	0.78	0.608	0.824	0.78	0.192	0.162	0.163	0.165	0.161	0.165	0.783	0.773	0.795	0.866	0.83	0.815	0.165	0.167	0.162	0.172	0.161	0.167	0.777	0.773	0.79	0.922	0.815	0.782	0.159	0.652	0.161	0.178	0.16	0.16	0.775	0.74	0.762	1.09	0.818	0.776	0.165	0.161	0.168	0.161	0.16	0.169	1.041	0.77	0.773	0.884	0.774	0.774	0.165	0.183	0.166	0.165	0.159	0.181	0.762	0.743	0.754	0.968	0.764	0.75	0.165	0.165	0.164	0.161	0.163	0.166	0.737	0.714	0.719	1.108	0.733	0.711	0.166	0.162	0.173	0.167	0.165	0.164	0.745	0.764	0.776	0.728	0.769	0.758	0.166	0.167	0.162	0.162	0.16	0.166
Plate_4	13	0.778	0.764	0.777	0.61	0.83	0.776	0.192	0.161	0.162	0.164	0.161	0.165	0.783	0.77	0.791	0.866	0.825	0.805	0.165	0.172	0.162	0.171	0.161	0.167	0.778	0.77	0.794	0.969	0.822	0.782	0.159	0.661	0.161	0.178	0.16	0.16	0.77	0.746	0.762	1.121	0.826	0.777	0.165	0.161	0.167	0.161	0.159	0.169	1.045	0.772	0.774	0.885	0.78	0.77	0.164	0.182	0.166	0.165	0.159	0.181	0.763	0.745	0.756	1.016	0.761	0.752	0.164	0.164	0.164	0.161	0.163	0.166	0.743	0.723	0.723	1.133	0.74	0.72	0.165	0.162	0.171	0.166	0.165	0.164	0.745	0.762	0.777	0.716	0.766	0.752	0.166	0.167	0.162	0.162	0.16	0.166
Plate_4	14	0.775	0.758	0.774	0.605	0.828	0.772	0.191	0.161	0.162	0.164	0.161	0.164	0.779	0.766	0.787	0.89	0.822	0.799	0.165	0.182	0.162	0.17	0.16	0.167	0.78	0.769	0.785	1.019	0.818	0.777	0.159	0.653	0.16	0.177	0.16	0.16	0.767	0.747	0.762	1.137	0.825	0.774	0.164	0.16	0.167	0.16	0.159	0.167	1.067	0.767	0.768	0.905	0.778	0.768	0.164	0.182	0.165	0.164	0.159	0.181	0.761	0.74	0.752	1.042	0.761	0.755	0.164	0.163	0.163	0.16	0.163	0.165	0.743	0.722	0.726	1.15	0.748	0.726	0.164	0.162	0.17	0.165	0.164	0.164	0.741	0.758	0.773	0.723	0.765	0.747	0.166	0.166	0.162	0.162	0.16	0.166
Plate_4	15	0.769	0.756	0.771	0.606	0.826	0.763	0.19	0.16	0.162	0.164	0.161	0.164	0.776	0.762	0.782	0.912	0.817	0.792	0.165	0.194	0.161	0.17	0.16	0.166	0.776	0.769	0.78	1.058	0.813	0.773	0.159	0.642	0.16	0.176	0.159	0.159	0.764	0.745	0.764	1.145	0.821	0.776	0.164	0.159	0.166	0.159	0.159	0.167	1.083	0.763	0.762	0.919	0.776	0.763	0.163	0.181	0.164	0.163	0.159	0.18	0.758	0.739	0.751	1.046	0.761	0.744	0.163	0.163	0.163	0.159	0.162	0.165	0.742	0.724	0.726	1.162	0.746	0.726	0.164	0.161	0.169	0.165	0.164	0.163	0.739	0.755	0.771	0.729	0.763	0.741	0.165	0.166	0.161	0.162	0.16	0.165
Plate_4	16	0.765	0.747	0.768	0.605	0.819	0.752	0.19	0.16	0.161	0.163	0.16	0.164	0.771	0.758	0.777	0.92	0.812	0.784	0.164	0.212	0.16	0.169	0.16	0.166	0.771	0.764	0.774	1.081	0.809	0.761	0.158	0.628	0.159	0.175	0.159	0.158	0.761	0.742	0.76	1.137	0.814	0.766	0.163	0.159	0.165	0.159	0.158	0.166	1.096	0.756	0.754	0.937	0.77	0.756	0.162	0.18	0.163	0.163	0.158	0.18	0.753	0.733	0.747	1.051	0.757	0.737	0.162	0.162	0.162	0.159	0.162	0.164	0.738	0.722	0.725	1.167	0.747	0.723	0.163	0.161	0.168	0.164	0.163	0.163	0.738	0.747	0.763	0.732	0.759	0.734	0.165	0.165	0.161	0.161	0.159	0.165
Plate_4	17	0.758	0.746	0.765	0.601	0.816	0.747	0.19	0.159	0.161	0.163	0.16	0.163	0.767	0.755	0.773	0.926	0.808	0.776	0.164	0.261	0.16	0.168	0.159	0.165	0.768	0.758	0.769	1.094	0.8	0.753	0.157	0.615	0.159	0.174	0.158	0.158	0.757	0.738	0.757	1.125	0.811	0.761	0.162	0.158	0.165	0.159	0.158	0.165	0.853	0.751	0.752	0.946	0.765	0.748	0.161	0.18	0.163	0.162	0.158	0.18	0.752	0.728	0.742	1.047	0.752	0.73	0.161	0.161	0.161	0.158	0.161	0.164	0.736	0.719	0.723	1.169	0.743	0.721	0.167	0.16	0.167	0.163	0.163	0.162	0.736	0.744	0.757	0.733	0.755	0.73	0.166	0.165	0.161	0.161	0.159	0.165
Plate_4	18	0.761	0.743	0.761	0.6	0.811	0.742	0.189	0.159	0.16	0.162	0.16	0.163	0.768	0.756	0.772	0.922	0.805	0.772	0.164	0.312	0.16	0.167	0.159	0.165	0.766	0.758	0.765	1.1	0.797	0.751	0.157	0.565	0.159	0.174	0.158	0.158	0.756	0.734	0.752	1.111	0.808	0.756	0.161	0.158	0.165	0.158	0.157	0.165	1.218	0.748	0.748	0.954	0.761	0.741	0.161	0.179	0.162	0.162	0.157	0.18	0.751	0.728	0.742	1.042	0.751	0.728	0.161	0.161	0.161	0.158	0.161	0.163	0.735	0.717	0.725	1.164	0.738	0.717	0.162	0.16	0.167	0.163	0.163	0.162	0.737	0.743	0.754	0.735	0.752	0.726	0.166	0.164	0.161	0.161	0.159	0.165
Plate_4	19	0.76	0.742	0.759	0.595	0.81	0.74	0.189	0.159	0.16	0.162	0.16	0.163	0.771	0.758	0.769	0.918	0.799	0.767	0.164	0.351	0.159	0.166	0.159	0.165	0.77	0.757	0.764	1.096	0.791	0.748	0.157	0.543	0.158	0.173	0.158	0.158	0.758	0.737	0.749	1.098	0.801	0.752	0.161	0.157	0.164	0.158	0.157	0.164	1.225	0.746	0.746	0.964	0.757	0.733	0.16	0.179	0.161	0.161	0.157	0.179	0.751	0.725	0.736	1.031	0.749	0.722	0.16	0.16	0.16	0.157	0.16	0.163	0.736	0.716	0.726	1.151	0.735	0.71	0.162	0.16	0.166	0.163	0.162	0.162	0.739	0.742	0.753	0.739	0.752	0.721	0.164	0.164	0.161	0.161	0.158	0.165
Plate_4	20	0.766	0.745	0.76	0.591	0.811	0.738	0.189	0.159	0.16	0.162	0.16	0.163	0.776	0.761	0.766	0.913	0.797	0.765	0.164	0.347	0.159	0.166	0.159	0.165	0.771	0.759	0.762	1.084	0.789	0.745	0.157	0.501	0.158	0.173	0.158	0.158	0.759	0.737	0.748	1.085	0.801	0.747	0.161	0.157	0.164	0.158	0.157	0.164	1.107	0.745	0.745	0.958	0.756	0.729	0.16	0.179	0.161	0.162	0.157	0.179	0.753	0.725	0.74	1.015	0.746	0.718	0.16	0.16	0.16	0.157	0.161	0.163	0.738	0.716	0.728	1.135	0.736	0.706	0.162	0.159	0.165	0.163	0.162	0.162	0.738	0.743	0.755	0.738	0.753	0.719	0.165	0.164	0.161	0.161	0.158	0.165
Plate_4	21	0.766	0.748	0.763	0.586	0.812	0.74	0.192	0.162	0.163	0.164	0.163	0.167	0.778	0.764	0.771	0.911	0.797	0.763	0.164	0.362	0.162	0.169	0.162	0.168	0.777	0.762	0.764	1.071	0.79	0.744	0.16	0.509	0.161	0.176	0.161	0.161	0.762	0.74	0.75	1.075	0.8	0.744	0.164	0.16	0.167	0.161	0.16	0.167	0.761	0.748	0.747	0.959	0.758	0.728	0.163	0.182	0.164	0.164	0.16	0.182	0.754	0.728	0.743	1.005	0.75	0.717	0.163	0.163	0.162	0.16	0.164	0.166	0.739	0.719	0.731	1.117	0.737	0.706	0.165	0.163	0.168	0.166	0.166	0.165	0.741	0.744	0.757	0.742	0.755	0.72	0.168	0.167	0.164	0.164	0.164	0.169
Plate_4	22	0.769	0.748	0.763	0.585	0.813	0.739	0.193	0.163	0.164	0.165	0.163	0.168	0.782	0.767	0.772	0.901	0.797	0.763	0.164	0.355	0.162	0.169	0.163	0.168	0.778	0.764	0.765	1.06	0.79	0.744	0.161	0.482	0.162	0.176	0.161	0.162	0.762	0.741	0.749	1.063	0.801	0.744	0.165	0.161	0.168	0.162	0.161	0.168	0.757	0.749	0.748	0.955	0.757	0.726	0.163	0.183	0.164	0.165	0.16	0.183	0.756	0.729	0.743	0.989	0.749	0.715	0.163	0.164	0.163	0.161	0.164	0.166	0.74	0.719	0.732	1.101	0.736	0.706	0.165	0.164	0.168	0.166	0.166	0.165	0.742	0.745	0.758	0.744	0.755	0.719	0.168	0.168	0.165	0.165	0.162	0.17
Plate_4	23	0.773	0.749	0.764	0.578	0.813	0.739	0.193	0.163	0.164	0.165	0.163	0.168	0.785	0.77	0.772	0.894	0.797	0.763	0.163	0.349	0.163	0.169	0.162	0.168	0.78	0.765	0.768	1.049	0.791	0.744	0.161	0.491	0.162	0.176	0.162	0.162	0.763	0.741	0.748	1.05	0.801	0.743	0.164	0.161	0.168	0.162	0.161	0.167	0.754	0.749	0.75	0.959	0.758	0.726	0.163	0.183	0.164	0.165	0.161	0.183	0.757	0.73	0.745	0.979	0.751	0.713	0.163	0.163	0.163	0.161	0.164	0.166	0.741	0.72	0.734	1.088	0.736	0.706	0.167	0.164	0.168	0.166	0.166	0.165	0.743	0.747	0.76	0.745	0.758	0.72	0.168	0.168	0.165	0.165	0.162	0.17