Plate	Time	A1	A2	A3	A4	A5	A6	A7	A8	A9	A10	A11	A12	B1	B2	B3	B4	B5	B6	B7	B8	B9	B10	B11	B12	C1	C2	C3	C4	C5	C6	C7	C8	C9	C10	C11	C12	D1	D2	D3	D4	D5	D6	D7	D8	D9	D10	D11	D12	E1	E2	E3	E4	E5	E6	E7	E8	E9	E10	E11	E12	F1	F2	F3	F4	F5	F6	F7	F8	F9	F10	F11	F12	G1	G2	G3	G4	G5	G6	G7	G8	G9	G10	G11	G12	H1	H2	H3	H4	H5	H6	H7	H8	H9	H10	H11	H12
Plate_1	0	0.189	0.189	0.192	0.214	0.183	0.187	0.181	0.183	0.179	0.194	0.194	0.185	0.192	0.179	0.198	0.195	0.181	0.186	0.187	0.182	0.176	0.181	0.196	0.189	0.194	0.194	0.189	0.19	0.192	0.182	0.185	0.19	0.181	0.182	0.182	0.18	0.2	0.211	0.191	0.191	0.184	0.204	0.192	0.196	0.181	0.192	0.183	0.195	0.196	0.194	0.197	0.192	0.201	0.19	0.189	0.208	0.191	0.187	0.197	0.192	0.196	0.172	0.18	0.183	0.193	0.188	0.207	0.201	0.184	0.19	0.193	0.194	0.205	0.194	0.196	0.193	0.193	0.189	0.186	0.197	0.187	0.212	0.204	0.192	0.193	0.199	0.23	0.212	0.195	0.207	0.192	0.189	0.185	0.193	0.198	1.712
Plate_1	1	0.199	0.191	0.2	0.212	0.19	0.192	0.187	0.191	0.176	0.2	0.199	0.195	0.197	0.182	0.231	0.203	0.238	0.235	0.237	0.189	0.173	0.187	0.204	0.194	0.201	0.201	0.223	0.214	0.23	0.243	0.247	0.231	0.21	0.189	0.19	0.187	0.209	0.218	0.253	0.246	0.233	0.262	0.249	0.255	0.223	0.203	0.192	0.208	0.212	0.211	0.261	0.24	0.26	0.243	0.243	0.275	0.226	0.197	0.209	0.205	0.206	0.175	0.187	0.217	0.236	0.197	0.259	0.238	0.2	0.197	0.198	0.205	0.22	0.208	0.207	0.206	0.206	0.198	0.195	0.211	0.183	0.22	0.218	0.201	0.208	0.214	0.232	0.22	0.208	0.215	0.2	0.199	0.182	0.205	0.207	0.213
Plate_1	2	0.225	0.208	0.222	0.212	0.213	0.21	0.209	0.215	0.175	0.229	0.215	0.212	0.204	0.187	0.203	0.209	0.195	0.209	0.203	0.198	0.172	0.193	0.221	0.2	0.221	0.215	0.218	0.206	0.204	0.209	0.215	0.216	0.179	0.21	0.212	0.195	0.236	0.265	0.231	0.212	0.217	0.257	0.225	0.243	0.176	0.236	0.219	0.229	0.271	0.276	0.268	0.214	0.254	0.226	0.22	0.261	0.178	0.216	0.233	0.234	0.245	0.183	0.201	0.193	0.204	0.207	0.251	0.223	0.179	0.22	0.223	0.234	0.274	0.264	0.26	0.235	0.259	0.239	0.23	0.215	0.182	0.256	0.265	0.228	0.241	0.248	0.268	0.241	0.231	0.235	0.212	0.217	0.181	0.226	0.23	0.244
Plate_1	3	0.257	0.232	0.267	0.225	0.255	0.248	0.246	0.256	0.176	0.262	0.253	0.27	0.223	0.191	0.21	0.229	0.213	0.234	0.226	0.22	0.171	0.207	0.252	0.223	0.269	0.255	0.254	0.223	0.231	0.252	0.269	0.265	0.178	0.247	0.258	0.216	0.292	0.33	0.285	0.239	0.263	0.32	0.265	0.32	0.175	0.288	0.248	0.295	0.342	0.343	0.332	0.248	0.314	0.289	0.274	0.329	0.177	0.26	0.286	0.286	0.294	0.196	0.242	0.203	0.235	0.255	0.314	0.251	0.178	0.276	0.254	0.291	0.356	0.343	0.321	0.298	0.32	0.298	0.269	0.235	0.182	0.309	0.337	0.282	0.296	0.319	0.319	0.281	0.282	0.308	0.264	0.254	0.18	0.269	0.275	0.297
Plate_1	4	0.294	0.268	0.309	0.251	0.289	0.292	0.284	0.297	0.181	0.309	0.301	0.292	0.251	0.206	0.231	0.262	0.246	0.276	0.265	0.254	0.17	0.231	0.283	0.262	0.309	0.298	0.306	0.248	0.264	0.312	0.323	0.337	0.178	0.293	0.307	0.248	0.339	0.391	0.333	0.28	0.322	0.387	0.329	0.388	0.174	0.353	0.296	0.367	0.371	0.408	0.408	0.292	0.382	0.34	0.325	0.409	0.176	0.307	0.335	0.336	0.343	0.224	0.327	0.22	0.285	0.338	0.373	0.291	0.177	0.343	0.287	0.341	0.392	0.393	0.423	0.362	0.397	0.353	0.317	0.268	0.182	0.369	0.403	0.331	0.351	0.389	0.39	0.342	0.345	0.371	0.304	0.297	0.179	0.326	0.332	0.365
Plate_1	5	0.332	0.306	0.354	0.297	0.337	0.342	0.329	0.347	0.173	0.358	0.318	0.354	0.298	0.229	0.263	0.319	0.302	0.309	0.324	0.308	0.169	0.283	0.328	0.335	0.335	0.344	0.358	0.291	0.324	0.368	0.372	0.375	0.178	0.356	0.349	0.309	0.369	0.467	0.387	0.332	0.367	0.457	0.376	0.455	0.174	0.418	0.349	0.446	0.417	0.472	0.492	0.354	0.491	0.406	0.386	0.485	0.176	0.367	0.404	0.409	0.386	0.247	0.36	0.249	0.335	0.354	0.446	0.332	0.176	0.388	0.317	0.407	0.418	0.469	0.412	0.413	0.422	0.411	0.373	0.302	0.182	0.431	0.457	0.384	0.397	0.468	0.476	0.41	0.424	0.44	0.378	0.365	0.179	0.4	0.41	0.445
Plate_1	6	0.405	0.394	0.434	0.36	0.418	0.396	0.384	0.416	0.173	0.432	0.374	0.437	0.354	0.27	0.316	0.383	0.382	0.364	0.4	0.376	0.168	0.355	0.393	0.39	0.382	0.407	0.417	0.35	0.384	0.416	0.436	0.436	0.177	0.392	0.418	0.372	0.417	0.539	0.447	0.388	0.428	0.555	0.435	0.54	0.172	0.493	0.408	0.539	0.457	0.566	0.58	0.405	0.582	0.484	0.459	0.56	0.176	0.453	0.49	0.504	0.43	0.288	0.39	0.295	0.386	0.415	0.568	0.38	0.175	0.438	0.356	0.49	0.454	0.526	0.476	0.455	0.502	0.481	0.454	0.326	0.181	0.497	0.546	0.455	0.44	0.579	0.578	0.496	0.525	0.519	0.452	0.433	0.178	0.489	0.518	0.544
Plate_1	7	0.443	0.443	0.524	0.398	0.507	0.47	0.471	0.506	0.172	0.51	0.454	0.544	0.396	0.335	0.382	0.469	0.472	0.446	0.486	0.467	0.167	0.441	0.479	0.475	0.424	0.483	0.503	0.409	0.431	0.503	0.525	0.527	0.176	0.465	0.489	0.447	0.454	0.613	0.528	0.453	0.544	0.63	0.554	0.629	0.172	0.579	0.493	0.617	0.491	0.651	0.665	0.474	0.625	0.567	0.557	0.63	0.175	0.536	0.562	0.577	0.467	0.331	0.452	0.349	0.465	0.487	0.625	0.479	0.175	0.533	0.419	0.566	0.488	0.606	0.565	0.52	0.59	0.571	0.541	0.343	0.181	0.582	0.62	0.555	0.474	0.631	0.631	0.555	0.598	0.597	0.54	0.525	0.177	0.569	0.6	0.604
Plate_1	8	0.466	0.511	0.584	0.479	0.57	0.544	0.542	0.566	0.172	0.562	0.521	0.622	0.433	0.412	0.463	0.524	0.53	0.515	0.552	0.527	0.166	0.503	0.536	0.551	0.461	0.553	0.57	0.485	0.503	0.57	0.588	0.578	0.176	0.534	0.57	0.535	0.487	0.645	0.611	0.522	0.61	0.659	0.617	0.66	0.171	0.617	0.563	0.674	0.533	0.68	0.69	0.521	0.662	0.621	0.604	0.677	0.175	0.584	0.598	0.609	0.5	0.38	0.534	0.42	0.545	0.556	0.664	0.551	0.174	0.589	0.496	0.601	0.52	0.646	0.611	0.566	0.642	0.617	0.597	0.371	0.18	0.619	0.666	0.603	0.509	0.669	0.66	0.594	0.636	0.633	0.587	0.573	0.177	0.611	0.635	0.635
Plate_1	9	0.51	0.568	0.628	0.543	0.636	0.597	0.6	0.605	0.171	0.61	0.573	0.669	0.473	0.485	0.516	0.564	0.576	0.564	0.599	0.583	0.166	0.551	0.581	0.603	0.499	0.592	0.622	0.547	0.552	0.62	0.633	0.617	0.176	0.587	0.622	0.59	0.523	0.681	0.652	0.572	0.654	0.688	0.659	0.686	0.17	0.65	0.608	0.699	0.568	0.707	0.718	0.568	0.694	0.655	0.649	0.698	0.175	0.621	0.625	0.642	0.537	0.454	0.591	0.49	0.589	0.6	0.7	0.599	0.173	0.632	0.561	0.626	0.559	0.68	0.652	0.599	0.667	0.659	0.636	0.407	0.18	0.644	0.687	0.636	0.55	0.691	0.685	0.625	0.663	0.663	0.624	0.612	0.177	0.641	0.669	0.658
Plate_1	10	0.541	0.612	0.661	0.594	0.663	0.636	0.635	0.632	0.172	0.634	0.609	0.689	0.519	0.54	0.56	0.607	0.611	0.603	0.635	0.622	0.166	0.592	0.612	0.634	0.544	0.622	0.658	0.592	0.587	0.652	0.677	0.651	0.176	0.625	0.652	0.622	0.565	0.691	0.687	0.612	0.688	0.718	0.703	0.711	0.17	0.675	0.651	0.719	0.607	0.728	0.721	0.61	0.72	0.682	0.675	0.716	0.175	0.649	0.641	0.663	0.572	0.52	0.635	0.54	0.628	0.631	0.725	0.641	0.173	0.656	0.616	0.65	0.592	0.703	0.68	0.638	0.694	0.671	0.672	0.444	0.18	0.666	0.703	0.657	0.59	0.707	0.702	0.649	0.683	0.681	0.654	0.64	0.177	0.667	0.683	0.674
Plate_1	11	0.576	0.638	0.677	0.634	0.685	0.654	0.663	0.653	0.173	0.651	0.634	0.713	0.562	0.587	0.596	0.629	0.632	0.629	0.653	0.641	0.165	0.619	0.632	0.663	0.582	0.649	0.68	0.631	0.618	0.678	0.689	0.679	0.176	0.653	0.679	0.645	0.599	0.709	0.715	0.645	0.713	0.735	0.727	0.728	0.17	0.694	0.663	0.735	0.643	0.738	0.74	0.645	0.737	0.702	0.687	0.741	0.175	0.668	0.655	0.676	0.605	0.573	0.668	0.582	0.645	0.66	0.735	0.671	0.173	0.681	0.648	0.665	0.628	0.713	0.695	0.663	0.702	0.696	0.691	0.48	0.18	0.685	0.711	0.674	0.625	0.718	0.715	0.664	0.696	0.696	0.666	0.668	0.177	0.691	0.703	0.685
Plate_1	12	0.609	0.651	0.683	0.658	0.7	0.664	0.67	0.664	0.171	0.661	0.645	0.716	0.597	0.617	0.617	0.639	0.645	0.641	0.668	0.659	0.165	0.636	0.643	0.68	0.61	0.664	0.7	0.648	0.626	0.687	0.698	0.694	0.175	0.673	0.69	0.662	0.629	0.714	0.722	0.667	0.725	0.735	0.732	0.73	0.17	0.705	0.673	0.746	0.676	0.739	0.747	0.67	0.734	0.707	0.695	0.739	0.174	0.684	0.663	0.683	0.635	0.609	0.685	0.616	0.664	0.666	0.741	0.693	0.172	0.698	0.661	0.671	0.655	0.723	0.705	0.675	0.71	0.704	0.7	0.515	0.18	0.703	0.717	0.679	0.658	0.724	0.719	0.667	0.706	0.704	0.675	0.676	0.176	0.703	0.709	0.69
Plate_1	13	0.64	0.659	0.691	0.666	0.692	0.67	0.679	0.676	0.171	0.671	0.654	0.723	0.63	0.636	0.634	0.649	0.653	0.652	0.673	0.67	0.165	0.651	0.647	0.688	0.647	0.675	0.704	0.664	0.641	0.698	0.713	0.703	0.175	0.694	0.699	0.676	0.655	0.716	0.728	0.679	0.727	0.738	0.729	0.727	0.17	0.719	0.68	0.751	0.705	0.747	0.75	0.68	0.744	0.714	0.705	0.738	0.175	0.7	0.667	0.687	0.665	0.627	0.696	0.637	0.666	0.672	0.75	0.701	0.172	0.716	0.667	0.674	0.685	0.724	0.705	0.686	0.712	0.71	0.71	0.553	0.18	0.713	0.719	0.686	0.689	0.728	0.719	0.671	0.71	0.699	0.68	0.682	0.176	0.714	0.713	0.694
Plate_1	14	0.665	0.661	0.69	0.671	0.693	0.677	0.682	0.672	0.171	0.676	0.655	0.723	0.658	0.647	0.641	0.657	0.657	0.659	0.679	0.673	0.165	0.662	0.65	0.693	0.672	0.676	0.708	0.67	0.643	0.701	0.715	0.708	0.175	0.697	0.7	0.682	0.681	0.718	0.732	0.683	0.727	0.733	0.733	0.722	0.17	0.722	0.686	0.751	0.73	0.748	0.752	0.685	0.738	0.721	0.705	0.733	0.174	0.704	0.666	0.688	0.693	0.641	0.697	0.652	0.67	0.674	0.746	0.702	0.172	0.727	0.676	0.672	0.711	0.723	0.704	0.687	0.71	0.708	0.719	0.586	0.179	0.722	0.72	0.686	0.714	0.727	0.72	0.667	0.711	0.697	0.681	0.684	0.176	0.719	0.713	0.693
Plate_1	15	0.688	0.662	0.689	0.674	0.692	0.678	0.681	0.676	0.171	0.681	0.655	0.721	0.684	0.656	0.646	0.657	0.66	0.657	0.681	0.675	0.165	0.667	0.651	0.695	0.701	0.679	0.708	0.673	0.646	0.704	0.714	0.704	0.175	0.708	0.704	0.685	0.705	0.719	0.731	0.688	0.726	0.733	0.734	0.725	0.17	0.723	0.683	0.754	0.75	0.748	0.751	0.698	0.741	0.724	0.708	0.733	0.175	0.71	0.666	0.685	0.714	0.648	0.701	0.657	0.674	0.676	0.744	0.708	0.171	0.736	0.68	0.676	0.731	0.723	0.706	0.691	0.709	0.71	0.714	0.619	0.179	0.727	0.719	0.687	0.736	0.725	0.718	0.671	0.711	0.694	0.681	0.685	0.176	0.724	0.709	0.693
Plate_1	16	0.705	0.664	0.685	0.675	0.691	0.677	0.676	0.675	0.171	0.684	0.656	0.719	0.704	0.655	0.65	0.656	0.66	0.656	0.68	0.674	0.165	0.67	0.652	0.696	0.716	0.678	0.707	0.678	0.646	0.703	0.71	0.703	0.175	0.714	0.702	0.687	0.725	0.719	0.731	0.694	0.721	0.73	0.729	0.723	0.17	0.723	0.684	0.753	0.762	0.741	0.748	0.696	0.737	0.721	0.704	0.728	0.174	0.711	0.662	0.683	0.731	0.649	0.703	0.666	0.675	0.679	0.742	0.706	0.171	0.74	0.681	0.673	0.749	0.716	0.703	0.689	0.714	0.707	0.71	0.642	0.179	0.726	0.715	0.685	0.752	0.72	0.716	0.667	0.709	0.692	0.679	0.689	0.176	0.724	0.709	0.691
Plate_1	17	0.72	0.663	0.681	0.671	0.688	0.669	0.675	0.671	0.17	0.682	0.651	0.713	0.721	0.658	0.648	0.652	0.66	0.655	0.677	0.67	0.165	0.669	0.651	0.692	0.734	0.679	0.71	0.675	0.641	0.703	0.708	0.701	0.175	0.716	0.698	0.685	0.74	0.712	0.729	0.695	0.721	0.728	0.724	0.724	0.17	0.72	0.682	0.748	0.77	0.737	0.741	0.691	0.735	0.714	0.701	0.728	0.174	0.709	0.656	0.68	0.743	0.646	0.701	0.669	0.674	0.678	0.735	0.705	0.171	0.741	0.683	0.671	0.759	0.712	0.7	0.685	0.709	0.703	0.71	0.657	0.179	0.723	0.711	0.681	0.765	0.717	0.713	0.667	0.704	0.689	0.678	0.682	0.176	0.72	0.704	0.69
Plate_1	18	0.733	0.66	0.677	0.663	0.684	0.67	0.672	0.668	0.17	0.68	0.647	0.709	0.733	0.659	0.648	0.646	0.656	0.651	0.671	0.666	0.165	0.668	0.649	0.688	0.741	0.677	0.704	0.672	0.641	0.695	0.703	0.697	0.174	0.716	0.689	0.683	0.751	0.707	0.724	0.69	0.719	0.717	0.722	0.715	0.17	0.72	0.676	0.744	0.779	0.734	0.736	0.686	0.728	0.708	0.695	0.726	0.174	0.709	0.653	0.673	0.754	0.65	0.697	0.666	0.669	0.673	0.736	0.705	0.171	0.74	0.676	0.668	0.77	0.705	0.695	0.677	0.705	0.695	0.702	0.666	0.179	0.721	0.705	0.676	0.777	0.715	0.713	0.665	0.7	0.686	0.676	0.683	0.176	0.716	0.698	0.688
Plate_1	19	0.743	0.656	0.673	0.656	0.677	0.663	0.664	0.664	0.17	0.673	0.642	0.703	0.742	0.657	0.645	0.641	0.653	0.649	0.666	0.662	0.165	0.665	0.646	0.688	0.751	0.673	0.7	0.665	0.639	0.694	0.698	0.697	0.174	0.712	0.68	0.678	0.755	0.702	0.722	0.685	0.728	0.712	0.714	0.708	0.172	0.713	0.671	0.737	0.786	0.725	0.73	0.683	0.725	0.704	0.688	0.719	0.174	0.701	0.649	0.67	0.76	0.646	0.691	0.661	0.665	0.669	0.729	0.698	0.171	0.737	0.674	0.666	0.777	0.701	0.689	0.669	0.701	0.688	0.698	0.672	0.179	0.715	0.701	0.672	0.785	0.711	0.71	0.654	0.694	0.684	0.679	0.674	0.176	0.715	0.695	0.686
Plate_1	20	0.748	0.651	0.67	0.648	0.673	0.659	0.664	0.66	0.17	0.668	0.638	0.699	0.748	0.656	0.642	0.632	0.649	0.644	0.66	0.658	0.165	0.663	0.643	0.684	0.759	0.67	0.689	0.658	0.633	0.688	0.694	0.691	0.174	0.709	0.672	0.676	0.761	0.694	0.714	0.68	0.724	0.709	0.71	0.705	0.169	0.71	0.665	0.733	0.79	0.717	0.724	0.674	0.717	0.697	0.683	0.713	0.174	0.697	0.647	0.668	0.767	0.642	0.685	0.657	0.658	0.665	0.722	0.695	0.171	0.733	0.665	0.664	0.783	0.695	0.683	0.662	0.695	0.681	0.689	0.673	0.179	0.712	0.695	0.667	0.793	0.709	0.709	0.65	0.692	0.683	0.672	0.671	0.176	0.713	0.693	0.687
Plate_1	21	0.752	0.647	0.663	0.637	0.663	0.653	0.658	0.653	0.17	0.663	0.635	0.695	0.755	0.652	0.638	0.627	0.644	0.638	0.654	0.653	0.165	0.662	0.64	0.681	0.762	0.665	0.681	0.649	0.627	0.679	0.688	0.685	0.174	0.703	0.668	0.674	0.769	0.689	0.708	0.672	0.715	0.703	0.703	0.698	0.169	0.705	0.66	0.731	0.793	0.712	0.718	0.663	0.712	0.69	0.675	0.707	0.174	0.692	0.643	0.668	0.771	0.637	0.679	0.649	0.653	0.657	0.716	0.688	0.171	0.724	0.66	0.662	0.786	0.688	0.677	0.653	0.688	0.673	0.683	0.671	0.179	0.705	0.688	0.663	0.798	0.705	0.709	0.646	0.688	0.678	0.667	0.668	0.176	0.711	0.689	0.686
Plate_1	22	0.754	0.645	0.66	0.628	0.66	0.648	0.654	0.653	0.17	0.659	0.634	0.693	0.759	0.65	0.632	0.62	0.64	0.633	0.651	0.65	0.165	0.661	0.637	0.679	0.764	0.659	0.676	0.641	0.624	0.674	0.682	0.681	0.174	0.698	0.662	0.673	0.772	0.684	0.696	0.663	0.708	0.7	0.698	0.692	0.169	0.7	0.655	0.729	0.796	0.705	0.715	0.652	0.708	0.683	0.671	0.702	0.174	0.685	0.641	0.666	0.775	0.631	0.671	0.643	0.648	0.651	0.712	0.682	0.171	0.719	0.654	0.662	0.791	0.685	0.673	0.645	0.683	0.669	0.678	0.666	0.179	0.699	0.684	0.661	0.802	0.705	0.708	0.641	0.685	0.679	0.664	0.664	0.176	0.706	0.688	0.684
Plate_1	23	0.756	0.643	0.658	0.619	0.655	0.644	0.652	0.65	0.17	0.654	0.632	0.692	0.76	0.647	0.629	0.61	0.638	0.631	0.646	0.65	0.164	0.657	0.635	0.679	0.765	0.655	0.671	0.633	0.619	0.668	0.676	0.674	0.174	0.688	0.657	0.672	0.773	0.679	0.687	0.652	0.7	0.696	0.692	0.689	0.169	0.693	0.652	0.729	0.798	0.703	0.708	0.644	0.703	0.678	0.666	0.7	0.173	0.678	0.639	0.667	0.776	0.624	0.664	0.637	0.643	0.645	0.709	0.675	0.17	0.712	0.647	0.663	0.793	0.682	0.668	0.636	0.681	0.663	0.673	0.658	0.178	0.692	0.679	0.658	0.805	0.705	0.709	0.639	0.682	0.678	0.663	0.662	0.176	0.701	0.688	0.684
Plate_2	0	0.192	0.194	0.201	0.194	0.189	0.192	0.195	0.209	0.203	0.192	0.195	0.195	0.189	0.195	0.196	0.196	0.196	0.19	0.194	0.2	0.192	0.194	0.194	0.193	0.191	0.186	0.19	0.192	0.189	0.198	0.199	0.202	0.193	0.194	0.193	0.193	0.199	0.187	0.19	0.191	0.188	0.197	0.189	0.193	0.195	0.19	0.196	0.197	0.184	0.186	0.189	0.188	0.192	0.191	0.195	0.191	0.197	0.214	0.2	0.191	0.192	0.194	0.199	0.196	0.192	0.19	0.188	0.199	0.203	0.198	0.201	0.206	0.19	0.194	0.192	0.198	0.188	0.193	0.199	0.2	0.197	0.198	0.196	0.198	0.2	0.189	0.194	0.19	0.191	0.191	0.199	0.198	0.19	0.193	0.19	0.197
Plate_2	1	0.206	0.208	0.214	0.207	0.202	0.204	0.206	0.221	0.215	0.204	0.207	0.206	0.201	0.207	0.208	0.205	0.208	0.197	0.206	0.209	0.204	0.204	0.205	0.205	0.201	0.198	0.201	0.203	0.198	0.206	0.208	0.211	0.202	0.203	0.2	0.203	0.209	0.199	0.201	0.201	0.197	0.205	0.198	0.205	0.207	0.2	0.206	0.208	0.192	0.192	0.197	0.197	0.2	0.196	0.203	0.2	0.205	0.219	0.207	0.198	0.207	0.207	0.21	0.209	0.202	0.197	0.199	0.212	0.208	0.209	0.214	0.216	0.204	0.208	0.206	0.212	0.2	0.203	0.212	0.211	0.209	0.209	0.208	0.208	0.21	0.202	0.205	0.202	0.202	0.196	0.214	0.211	0.201	0.2	0.203	0.211
Plate_2	2	0.233	0.244	0.263	0.247	0.251	0.253	0.239	0.253	0.259	0.235	0.242	0.232	0.227	0.233	0.251	0.237	0.252	0.222	0.249	0.247	0.244	0.225	0.242	0.24	0.228	0.223	0.239	0.239	0.236	0.235	0.246	0.25	0.239	0.225	0.224	0.23	0.23	0.231	0.245	0.248	0.236	0.242	0.232	0.265	0.255	0.234	0.251	0.245	0.208	0.204	0.226	0.233	0.229	0.214	0.231	0.229	0.234	0.231	0.234	0.218	0.251	0.234	0.244	0.243	0.252	0.224	0.235	0.272	0.249	0.236	0.261	0.269	0.227	0.238	0.251	0.263	0.237	0.241	0.261	0.246	0.255	0.234	0.246	0.232	0.236	0.223	0.239	0.248	0.244	0.217	0.268	0.269	0.239	0.218	0.252	0.257
Plate_2	3	0.281	0.305	0.317	0.301	0.312	0.314	0.282	0.302	0.313	0.266	0.291	0.27	0.271	0.294	0.308	0.279	0.328	0.274	0.297	0.319	0.312	0.262	0.286	0.289	0.285	0.273	0.293	0.292	0.295	0.297	0.302	0.311	0.292	0.255	0.261	0.281	0.28	0.275	0.302	0.307	0.304	0.303	0.288	0.346	0.307	0.278	0.312	0.331	0.231	0.223	0.26	0.268	0.283	0.255	0.267	0.297	0.272	0.247	0.28	0.261	0.295	0.283	0.304	0.312	0.308	0.259	0.261	0.341	0.292	0.272	0.329	0.343	0.278	0.283	0.304	0.326	0.306	0.291	0.327	0.302	0.314	0.278	0.308	0.271	0.283	0.276	0.298	0.306	0.326	0.267	0.332	0.347	0.336	0.24	0.318	0.315
Plate_2	4	0.343	0.362	0.366	0.358	0.354	0.354	0.391	0.361	0.426	0.319	0.334	0.314	0.322	0.349	0.356	0.335	0.377	0.325	0.369	0.408	0.39	0.307	0.343	0.344	0.325	0.327	0.351	0.357	0.377	0.353	0.375	0.377	0.338	0.287	0.307	0.345	0.339	0.346	0.375	0.412	0.388	0.37	0.364	0.408	0.365	0.319	0.377	0.373	0.27	0.256	0.316	0.319	0.345	0.285	0.314	0.358	0.325	0.26	0.347	0.297	0.352	0.337	0.371	0.362	0.366	0.285	0.332	0.406	0.347	0.313	0.354	0.39	0.339	0.356	0.362	0.382	0.361	0.349	0.387	0.382	0.373	0.324	0.374	0.335	0.332	0.34	0.355	0.363	0.379	0.307	0.385	0.395	0.38	0.264	0.393	0.359
Plate_2	5	0.436	0.43	0.463	0.463	0.408	0.404	0.467	0.416	0.443	0.361	0.383	0.388	0.384	0.422	0.43	0.407	0.424	0.381	0.44	0.49	0.444	0.364	0.399	0.42	0.377	0.397	0.404	0.433	0.419	0.41	0.449	0.45	0.39	0.328	0.379	0.384	0.402	0.404	0.421	0.487	0.463	0.41	0.451	0.478	0.437	0.364	0.424	0.431	0.315	0.29	0.369	0.4	0.398	0.332	0.364	0.437	0.375	0.273	0.384	0.353	0.42	0.405	0.429	0.469	0.418	0.328	0.414	0.448	0.401	0.352	0.413	0.465	0.406	0.413	0.437	0.455	0.405	0.399	0.447	0.423	0.44	0.365	0.422	0.39	0.394	0.407	0.418	0.429	0.425	0.351	0.477	0.446	0.415	0.288	0.448	0.42
Plate_2	6	0.495	0.516	0.542	0.558	0.469	0.469	0.545	0.506	0.523	0.423	0.469	0.462	0.465	0.498	0.501	0.489	0.486	0.434	0.545	0.538	0.503	0.421	0.488	0.503	0.444	0.46	0.478	0.509	0.482	0.454	0.524	0.546	0.487	0.375	0.447	0.456	0.478	0.477	0.509	0.573	0.514	0.454	0.521	0.587	0.523	0.421	0.492	0.524	0.368	0.333	0.432	0.461	0.44	0.374	0.44	0.453	0.431	0.293	0.444	0.396	0.511	0.488	0.509	0.576	0.464	0.37	0.473	0.534	0.494	0.393	0.5	0.565	0.5	0.514	0.518	0.56	0.469	0.445	0.542	0.486	0.537	0.415	0.495	0.456	0.467	0.475	0.486	0.499	0.467	0.39	0.579	0.515	0.494	0.321	0.511	0.508
Plate_2	7	0.571	0.6	0.627	0.655	0.544	0.55	0.639	0.593	0.607	0.489	0.56	0.557	0.545	0.603	0.592	0.61	0.571	0.48	0.668	0.607	0.603	0.5	0.569	0.587	0.53	0.546	0.554	0.644	0.545	0.508	0.634	0.602	0.552	0.445	0.498	0.556	0.558	0.558	0.603	0.709	0.564	0.506	0.628	0.662	0.625	0.506	0.569	0.602	0.445	0.399	0.499	0.557	0.476	0.414	0.526	0.515	0.512	0.329	0.515	0.469	0.586	0.583	0.591	0.641	0.527	0.407	0.573	0.607	0.563	0.446	0.58	0.609	0.574	0.598	0.6	0.634	0.544	0.499	0.621	0.577	0.613	0.496	0.578	0.541	0.548	0.556	0.576	0.6	0.525	0.425	0.654	0.584	0.581	0.354	0.595	0.583
Plate_2	8	0.614	0.637	0.683	0.731	0.584	0.573	0.703	0.615	0.649	0.543	0.6	0.621	0.605	0.628	0.634	0.673	0.61	0.541	0.757	0.655	0.659	0.556	0.614	0.641	0.59	0.614	0.616	0.712	0.591	0.571	0.718	0.652	0.612	0.528	0.562	0.622	0.597	0.615	0.651	0.812	0.618	0.558	0.731	0.692	0.676	0.567	0.608	0.657	0.523	0.475	0.571	0.646	0.539	0.454	0.611	0.58	0.591	0.364	0.581	0.534	0.628	0.619	0.633	0.691	0.568	0.453	0.637	0.638	0.629	0.503	0.613	0.631	0.623	0.641	0.643	0.692	0.588	0.537	0.667	0.617	0.672	0.547	0.612	0.582	0.607	0.613	0.63	0.668	0.572	0.459	0.71	0.625	0.64	0.378	0.63	0.612
Plate_2	9	0.644	0.681	0.719	0.763	0.618	0.611	0.737	0.674	0.682	0.585	0.636	0.659	0.643	0.667	0.666	0.755	0.643	0.576	0.831	0.692	0.7	0.598	0.646	0.677	0.641	0.658	0.659	0.797	0.623	0.604	0.793	0.689	0.644	0.574	0.606	0.665	0.628	0.651	0.7	0.901	0.652	0.596	0.822	0.72	0.701	0.601	0.637	0.69	0.585	0.557	0.618	0.695	0.574	0.503	0.675	0.621	0.651	0.397	0.626	0.58	0.662	0.651	0.661	0.737	0.598	0.487	0.681	0.667	0.665	0.54	0.63	0.657	0.66	0.674	0.67	0.727	0.625	0.569	0.695	0.643	0.681	0.575	0.645	0.616	0.656	0.656	0.664	0.731	0.593	0.494	0.739	0.655	0.688	0.422	0.659	0.641
Plate_2	10	0.665	0.708	0.728	0.785	0.649	0.635	0.762	0.709	0.702	0.61	0.666	0.694	0.673	0.699	0.688	0.817	0.675	0.625	0.872	0.726	0.72	0.629	0.678	0.702	0.667	0.687	0.684	0.851	0.655	0.635	0.859	0.717	0.663	0.612	0.632	0.693	0.653	0.677	0.752	0.965	0.677	0.636	0.91	0.748	0.711	0.622	0.664	0.713	0.636	0.611	0.66	0.72	0.605	0.542	0.708	0.662	0.66	0.454	0.654	0.617	0.688	0.678	0.682	0.756	0.623	0.522	0.722	0.692	0.674	0.565	0.657	0.673	0.682	0.703	0.696	0.74	0.654	0.6	0.719	0.681	0.689	0.592	0.672	0.641	0.678	0.691	0.683	0.732	0.618	0.525	0.751	0.677	0.689	0.471	0.681	0.66
Plate_2	11	0.677	0.729	0.746	0.814	0.666	0.661	0.785	0.712	0.7	0.624	0.678	0.714	0.687	0.715	0.713	0.856	0.696	0.658	0.895	0.737	0.724	0.648	0.69	0.72	0.688	0.709	0.699	0.88	0.68	0.66	0.881	0.736	0.674	0.635	0.654	0.714	0.668	0.7	0.744	1.022	0.698	0.661	0.97	0.752	0.714	0.65	0.679	0.731	0.67	0.661	0.69	0.735	0.631	0.58	0.734	0.695	0.68	0.507	0.673	0.638	0.703	0.705	0.698	0.758	0.649	0.551	0.731	0.703	0.692	0.575	0.671	0.682	0.698	0.719	0.711	0.751	0.678	0.627	0.739	0.704	0.704	0.604	0.685	0.66	0.702	0.713	0.69	0.753	0.64	0.562	0.758	0.697	0.699	0.512	0.688	0.673
Plate_2	12	0.686	0.74	0.76	0.813	0.672	0.677	0.787	0.722	0.71	0.633	0.69	0.725	0.701	0.724	0.714	0.843	0.709	0.684	0.876	0.744	0.727	0.66	0.707	0.734	0.7	0.725	0.716	0.856	0.692	0.689	0.89	0.743	0.685	0.653	0.674	0.727	0.679	0.724	0.73	1.05	0.705	0.686	0.979	0.762	0.721	0.662	0.686	0.745	0.69	0.698	0.698	0.747	0.652	0.612	0.754	0.711	0.693	0.554	0.682	0.654	0.716	0.719	0.707	0.768	0.666	0.576	0.775	0.721	0.703	0.58	0.679	0.681	0.719	0.734	0.723	0.772	0.696	0.649	0.75	0.714	0.709	0.616	0.698	0.674	0.715	0.728	0.698	0.762	0.65	0.59	0.781	0.712	0.707	0.54	0.692	0.68
Plate_2	13	0.695	0.747	0.751	0.806	0.688	0.684	0.79	0.724	0.718	0.635	0.694	0.732	0.71	0.733	0.732	0.819	0.716	0.704	0.842	0.752	0.731	0.667	0.714	0.74	0.706	0.739	0.722	0.814	0.7	0.706	0.855	0.744	0.686	0.663	0.691	0.734	0.688	0.72	0.74	1.016	0.716	0.706	0.953	0.762	0.727	0.67	0.694	0.751	0.701	0.716	0.712	0.764	0.671	0.635	0.753	0.732	0.698	0.582	0.695	0.663	0.721	0.727	0.716	0.764	0.679	0.599	0.772	0.724	0.701	0.589	0.688	0.687	0.731	0.741	0.734	0.781	0.701	0.664	0.766	0.728	0.717	0.626	0.705	0.679	0.72	0.737	0.7	0.776	0.669	0.615	0.791	0.722	0.703	0.551	0.694	0.683
Plate_2	14	0.692	0.749	0.746	0.805	0.697	0.692	0.773	0.726	0.715	0.641	0.702	0.736	0.713	0.737	0.738	0.796	0.726	0.719	0.82	0.751	0.736	0.67	0.717	0.748	0.709	0.747	0.734	0.853	0.708	0.714	0.823	0.743	0.691	0.675	0.688	0.74	0.692	0.723	0.75	0.958	0.717	0.724	0.903	0.758	0.727	0.671	0.7	0.755	0.709	0.734	0.72	0.777	0.684	0.655	0.761	0.74	0.704	0.6	0.702	0.67	0.724	0.732	0.721	0.766	0.683	0.621	0.776	0.73	0.705	0.596	0.691	0.687	0.73	0.751	0.736	0.782	0.712	0.677	0.769	0.735	0.725	0.634	0.711	0.688	0.724	0.743	0.707	0.783	0.678	0.63	0.788	0.727	0.704	0.562	0.695	0.684
Plate_2	15	0.691	0.745	0.748	0.804	0.698	0.695	0.759	0.728	0.71	0.642	0.7	0.739	0.715	0.74	0.74	0.792	0.735	0.728	0.798	0.752	0.731	0.674	0.721	0.746	0.711	0.744	0.743	0.849	0.716	0.726	0.81	0.744	0.687	0.675	0.691	0.741	0.696	0.727	0.764	0.878	0.717	0.731	0.86	0.757	0.731	0.672	0.699	0.756	0.715	0.745	0.725	0.781	0.692	0.669	0.762	0.752	0.704	0.609	0.703	0.674	0.726	0.743	0.728	0.768	0.691	0.627	0.779	0.734	0.703	0.597	0.691	0.69	0.739	0.757	0.739	0.788	0.714	0.682	0.78	0.737	0.723	0.639	0.715	0.691	0.731	0.743	0.715	0.786	0.678	0.641	0.79	0.73	0.711	0.568	0.697	0.684
Plate_2	16	0.688	0.743	0.745	0.799	0.697	0.695	0.759	0.724	0.706	0.641	0.698	0.739	0.712	0.737	0.735	0.794	0.728	0.731	0.79	0.751	0.73	0.675	0.722	0.746	0.71	0.746	0.74	0.836	0.719	0.728	0.797	0.74	0.69	0.681	0.691	0.74	0.692	0.73	0.752	0.854	0.718	0.739	0.829	0.75	0.725	0.675	0.7	0.757	0.714	0.749	0.725	0.786	0.698	0.683	0.773	0.749	0.709	0.62	0.706	0.674	0.724	0.742	0.718	0.766	0.689	0.631	0.774	0.732	0.7	0.603	0.695	0.689	0.742	0.752	0.739	0.784	0.713	0.68	0.773	0.74	0.726	0.645	0.713	0.693	0.733	0.741	0.715	0.782	0.675	0.647	0.784	0.727	0.706	0.572	0.696	0.681
Plate_2	17	0.686	0.738	0.747	0.794	0.691	0.693	0.762	0.718	0.701	0.64	0.694	0.737	0.712	0.733	0.733	0.781	0.727	0.729	0.793	0.749	0.728	0.673	0.719	0.739	0.707	0.747	0.74	0.824	0.722	0.728	0.803	0.737	0.689	0.686	0.693	0.738	0.694	0.728	0.756	0.837	0.719	0.738	0.813	0.745	0.723	0.675	0.694	0.754	0.719	0.751	0.727	0.784	0.699	0.686	0.775	0.746	0.708	0.626	0.708	0.673	0.72	0.739	0.717	0.767	0.693	0.63	0.772	0.73	0.697	0.607	0.689	0.686	0.741	0.748	0.738	0.784	0.71	0.674	0.776	0.738	0.725	0.645	0.711	0.694	0.732	0.737	0.713	0.777	0.668	0.645	0.782	0.721	0.703	0.575	0.692	0.679
Plate_2	18	0.681	0.734	0.742	0.792	0.683	0.682	0.753	0.712	0.698	0.635	0.689	0.735	0.709	0.73	0.732	0.782	0.724	0.725	0.79	0.742	0.723	0.67	0.714	0.737	0.703	0.745	0.733	0.812	0.713	0.722	0.798	0.736	0.685	0.686	0.687	0.734	0.691	0.727	0.752	0.824	0.715	0.735	0.801	0.74	0.716	0.67	0.691	0.748	0.719	0.749	0.729	0.776	0.699	0.684	0.773	0.744	0.708	0.629	0.703	0.672	0.715	0.734	0.714	0.765	0.683	0.626	0.762	0.726	0.692	0.608	0.687	0.685	0.738	0.748	0.734	0.773	0.708	0.668	0.76	0.734	0.723	0.644	0.708	0.692	0.729	0.733	0.707	0.768	0.66	0.636	0.78	0.715	0.699	0.577	0.689	0.676
Plate_2	19	0.68	0.732	0.737	0.789	0.674	0.674	0.75	0.709	0.695	0.633	0.683	0.732	0.704	0.729	0.731	0.778	0.719	0.719	0.788	0.737	0.718	0.668	0.708	0.732	0.699	0.743	0.73	0.803	0.71	0.72	0.79	0.735	0.681	0.686	0.684	0.73	0.688	0.719	0.745	0.818	0.711	0.731	0.797	0.735	0.713	0.668	0.683	0.744	0.715	0.749	0.724	0.782	0.692	0.677	0.767	0.742	0.705	0.632	0.7	0.67	0.71	0.73	0.712	0.763	0.671	0.615	0.765	0.721	0.687	0.609	0.684	0.683	0.735	0.744	0.728	0.767	0.701	0.658	0.759	0.729	0.716	0.644	0.706	0.691	0.721	0.729	0.702	0.763	0.647	0.623	0.772	0.714	0.694	0.577	0.686	0.674
Plate_2	20	0.676	0.725	0.729	0.785	0.666	0.662	0.746	0.7	0.689	0.629	0.68	0.73	0.7	0.728	0.731	0.775	0.708	0.712	0.784	0.73	0.715	0.664	0.705	0.727	0.693	0.736	0.726	0.805	0.701	0.713	0.783	0.728	0.68	0.681	0.681	0.727	0.682	0.715	0.744	0.811	0.702	0.723	0.792	0.729	0.709	0.664	0.681	0.741	0.71	0.746	0.721	0.775	0.684	0.669	0.763	0.735	0.698	0.632	0.696	0.667	0.705	0.725	0.709	0.76	0.661	0.601	0.759	0.716	0.686	0.61	0.68	0.68	0.727	0.741	0.726	0.764	0.691	0.645	0.755	0.727	0.715	0.64	0.702	0.688	0.712	0.724	0.697	0.759	0.637	0.607	0.768	0.707	0.691	0.577	0.682	0.671
Plate_2	21	0.673	0.722	0.722	0.778	0.659	0.654	0.741	0.696	0.686	0.623	0.676	0.731	0.695	0.724	0.724	0.772	0.702	0.7	0.779	0.724	0.708	0.66	0.699	0.728	0.687	0.731	0.722	0.796	0.69	0.702	0.78	0.721	0.675	0.676	0.675	0.724	0.677	0.713	0.74	0.808	0.692	0.712	0.783	0.727	0.704	0.658	0.674	0.738	0.705	0.741	0.715	0.769	0.676	0.654	0.759	0.731	0.694	0.633	0.693	0.662	0.7	0.723	0.702	0.755	0.649	0.587	0.755	0.713	0.678	0.609	0.678	0.681	0.721	0.738	0.722	0.761	0.681	0.634	0.748	0.721	0.706	0.639	0.699	0.687	0.707	0.721	0.694	0.755	0.627	0.59	0.764	0.703	0.684	0.575	0.679	0.669
Plate_2	22	0.667	0.718	0.714	0.774	0.646	0.642	0.735	0.688	0.682	0.619	0.671	0.73	0.69	0.72	0.718	0.771	0.692	0.689	0.775	0.719	0.705	0.653	0.694	0.727	0.684	0.725	0.717	0.79	0.682	0.692	0.776	0.715	0.669	0.671	0.67	0.723	0.673	0.707	0.736	0.801	0.68	0.699	0.781	0.719	0.698	0.652	0.671	0.737	0.694	0.734	0.71	0.764	0.664	0.638	0.755	0.721	0.689	0.631	0.686	0.66	0.698	0.716	0.695	0.75	0.639	0.571	0.747	0.706	0.673	0.607	0.673	0.68	0.714	0.731	0.717	0.758	0.672	0.622	0.745	0.713	0.701	0.635	0.695	0.684	0.7	0.718	0.686	0.747	0.617	0.573	0.757	0.7	0.678	0.574	0.675	0.668
Plate_2	23	0.666	0.711	0.709	0.768	0.637	0.63	0.729	0.685	0.679	0.613	0.669	0.732	0.686	0.716	0.715	0.763	0.681	0.676	0.771	0.714	0.698	0.648	0.689	0.728	0.679	0.722	0.712	0.785	0.672	0.678	0.772	0.711	0.664	0.666	0.663	0.724	0.669	0.705	0.731	0.796	0.671	0.684	0.772	0.712	0.694	0.648	0.668	0.738	0.688	0.73	0.704	0.756	0.649	0.621	0.749	0.717	0.683	0.628	0.685	0.656	0.694	0.71	0.69	0.746	0.626	0.56	0.744	0.702	0.668	0.605	0.672	0.681	0.709	0.733	0.713	0.753	0.662	0.61	0.74	0.709	0.698	0.63	0.694	0.685	0.694	0.718	0.682	0.744	0.607	0.557	0.754	0.697	0.674	0.572	0.674	0.668
Plate_3	0	0.197	0.2	0.203	0.209	0.197	0.198	0.198	0.199	0.2	0.198	0.197	0.195	0.204	0.205	0.206	0.195	0.196	0.2	0.205	0.199	0.196	0.197	0.201	0.204	0.204	0.202	0.206	0.198	0.203	0.195	0.19	0.201	0.189	0.19	0.188	0.195	0.197	0.2	0.203	0.197	0.196	0.203	0.2	0.195	0.197	0.201	0.193	0.196	0.204	0.198	0.194	0.202	0.202	0.193	0.195	0.195	0.195	0.19	0.191	0.197	0.224	0.207	0.195	0.2	0.217	0.197	0.195	0.204	0.196	0.196	0.194	0.206	0.207	0.206	0.202	0.202	0.202	0.194	0.195	0.193	0.193	0.199	0.192	0.197	0.213	0.197	0.201	0.201	0.19	0.186	0.196	0.195	0.19	0.194	0.184	0.188
Plate_3	1	0.217	0.218	0.222	0.222	0.216	0.217	0.218	0.222	0.223	0.215	0.215	0.211	0.224	0.23	0.22	0.206	0.211	0.219	0.228	0.22	0.213	0.221	0.221	0.225	0.217	0.213	0.22	0.21	0.212	0.204	0.201	0.212	0.2	0.201	0.195	0.209	0.21	0.215	0.212	0.206	0.208	0.215	0.214	0.208	0.209	0.213	0.203	0.214	0.214	0.21	0.204	0.21	0.214	0.204	0.206	0.207	0.207	0.202	0.193	0.209	0.234	0.221	0.205	0.206	0.228	0.211	0.208	0.217	0.212	0.211	0.197	0.221	0.214	0.214	0.209	0.209	0.211	0.206	0.207	0.206	0.204	0.211	0.192	0.214	0.226	0.21	0.212	0.208	0.199	0.196	0.209	0.203	0.2	0.196	0.183	0.197
Plate_3	2	0.263	0.279	0.295	0.268	0.274	0.286	0.293	0.303	0.288	0.271	0.244	0.247	0.28	0.312	0.29	0.26	0.276	0.296	0.312	0.294	0.268	0.293	0.26	0.29	0.257	0.256	0.287	0.271	0.252	0.239	0.242	0.262	0.24	0.239	0.207	0.246	0.248	0.277	0.25	0.243	0.263	0.274	0.277	0.261	0.254	0.258	0.227	0.271	0.241	0.252	0.246	0.233	0.257	0.254	0.248	0.255	0.253	0.244	0.196	0.245	0.268	0.27	0.25	0.229	0.272	0.268	0.267	0.277	0.276	0.272	0.2	0.282	0.226	0.241	0.241	0.225	0.248	0.258	0.257	0.262	0.247	0.256	0.188	0.249	0.262	0.277	0.277	0.232	0.231	0.221	0.259	0.24	0.23	0.217	0.181	0.22
Plate_3	3	0.338	0.348	0.371	0.346	0.341	0.347	0.368	0.383	0.357	0.343	0.309	0.325	0.352	0.394	0.382	0.333	0.349	0.393	0.39	0.366	0.343	0.389	0.327	0.355	0.321	0.319	0.365	0.34	0.309	0.305	0.3	0.327	0.304	0.307	0.236	0.298	0.32	0.352	0.315	0.317	0.333	0.353	0.363	0.332	0.323	0.34	0.261	0.348	0.303	0.321	0.301	0.274	0.325	0.327	0.308	0.317	0.309	0.299	0.2	0.306	0.337	0.339	0.312	0.285	0.338	0.343	0.336	0.347	0.346	0.352	0.207	0.367	0.278	0.318	0.311	0.266	0.303	0.349	0.32	0.329	0.316	0.322	0.189	0.32	0.339	0.362	0.344	0.264	0.29	0.294	0.342	0.297	0.294	0.272	0.181	0.277
Plate_3	4	0.399	0.416	0.428	0.409	0.398	0.418	0.425	0.486	0.47	0.422	0.396	0.386	0.421	0.468	0.462	0.395	0.442	0.465	0.471	0.437	0.42	0.449	0.405	0.45	0.402	0.371	0.458	0.398	0.377	0.374	0.353	0.388	0.385	0.365	0.279	0.378	0.393	0.447	0.422	0.378	0.394	0.4	0.406	0.394	0.372	0.406	0.314	0.426	0.368	0.386	0.351	0.372	0.405	0.392	0.355	0.368	0.355	0.354	0.211	0.359	0.42	0.423	0.396	0.35	0.411	0.403	0.39	0.402	0.396	0.386	0.219	0.425	0.329	0.392	0.413	0.323	0.376	0.407	0.375	0.402	0.375	0.377	0.189	0.386	0.423	0.453	0.405	0.334	0.344	0.34	0.416	0.345	0.346	0.317	0.182	0.331
Plate_3	5	0.481	0.5	0.506	0.475	0.489	0.494	0.518	0.547	0.483	0.521	0.477	0.479	0.497	0.561	0.519	0.478	0.487	0.516	0.562	0.527	0.467	0.537	0.497	0.555	0.471	0.433	0.551	0.436	0.467	0.465	0.419	0.458	0.403	0.409	0.346	0.453	0.437	0.5	0.482	0.433	0.505	0.471	0.528	0.502	0.436	0.513	0.386	0.511	0.441	0.444	0.404	0.42	0.488	0.459	0.408	0.437	0.398	0.415	0.227	0.422	0.466	0.489	0.465	0.397	0.472	0.469	0.455	0.479	0.436	0.462	0.238	0.499	0.395	0.432	0.491	0.36	0.432	0.458	0.448	0.466	0.428	0.455	0.191	0.453	0.479	0.479	0.46	0.385	0.397	0.377	0.463	0.404	0.387	0.365	0.185	0.374
Plate_3	6	0.564	0.591	0.593	0.55	0.6	0.591	0.62	0.638	0.586	0.598	0.564	0.583	0.574	0.67	0.619	0.535	0.591	0.622	0.67	0.623	0.532	0.635	0.581	0.658	0.534	0.514	0.6	0.496	0.503	0.495	0.495	0.536	0.465	0.481	0.425	0.545	0.505	0.589	0.539	0.499	0.568	0.606	0.63	0.586	0.545	0.593	0.476	0.621	0.479	0.524	0.456	0.462	0.531	0.528	0.491	0.508	0.446	0.499	0.255	0.508	0.53	0.563	0.509	0.437	0.548	0.537	0.539	0.558	0.5	0.552	0.272	0.598	0.46	0.5	0.509	0.412	0.507	0.519	0.531	0.555	0.457	0.527	0.195	0.541	0.553	0.545	0.508	0.432	0.452	0.436	0.552	0.469	0.428	0.424	0.19	0.447
Plate_3	7	0.608	0.638	0.643	0.613	0.642	0.619	0.674	0.663	0.625	0.635	0.593	0.639	0.627	0.715	0.725	0.61	0.658	0.671	0.73	0.667	0.596	0.653	0.612	0.683	0.621	0.606	0.71	0.585	0.6	0.591	0.604	0.613	0.55	0.572	0.519	0.619	0.588	0.685	0.642	0.57	0.649	0.67	0.742	0.644	0.606	0.638	0.559	0.669	0.56	0.607	0.531	0.521	0.607	0.599	0.587	0.614	0.52	0.59	0.304	0.589	0.6	0.639	0.572	0.495	0.63	0.608	0.636	0.637	0.564	0.624	0.328	0.645	0.534	0.576	0.578	0.476	0.586	0.597	0.609	0.643	0.516	0.612	0.203	0.622	0.617	0.614	0.574	0.5	0.543	0.511	0.643	0.551	0.497	0.506	0.198	0.531
Plate_3	8	0.646	0.659	0.679	0.657	0.675	0.655	0.689	0.683	0.657	0.66	0.625	0.68	0.664	0.743	0.78	0.654	0.692	0.698	0.775	0.698	0.622	0.676	0.647	0.712	0.655	0.649	0.757	0.644	0.649	0.631	0.66	0.648	0.595	0.611	0.558	0.655	0.628	0.72	0.702	0.636	0.677	0.701	0.78	0.674	0.641	0.666	0.589	0.703	0.607	0.646	0.602	0.583	0.644	0.633	0.651	0.649	0.565	0.624	0.363	0.624	0.641	0.672	0.641	0.561	0.666	0.639	0.673	0.672	0.604	0.646	0.389	0.673	0.59	0.624	0.625	0.546	0.627	0.631	0.659	0.675	0.568	0.647	0.216	0.657	0.647	0.644	0.617	0.557	0.592	0.567	0.666	0.592	0.554	0.564	0.212	0.58
Plate_3	9	0.674	0.676	0.705	0.692	0.693	0.674	0.701	0.696	0.673	0.677	0.653	0.708	0.678	0.755	0.793	0.722	0.714	0.709	0.785	0.717	0.649	0.695	0.672	0.73	0.687	0.667	0.788	0.691	0.688	0.689	0.713	0.674	0.624	0.64	0.596	0.693	0.658	0.755	0.732	0.674	0.72	0.724	0.818	0.697	0.672	0.697	0.627	0.727	0.641	0.674	0.648	0.625	0.681	0.655	0.682	0.683	0.607	0.654	0.438	0.65	0.673	0.702	0.688	0.608	0.685	0.661	0.693	0.697	0.629	0.671	0.462	0.684	0.635	0.668	0.659	0.591	0.659	0.659	0.68	0.706	0.607	0.677	0.24	0.685	0.679	0.671	0.658	0.603	0.627	0.594	0.686	0.626	0.6	0.607	0.238	0.617
Plate_3	10	0.691	0.694	0.726	0.716	0.707	0.71	0.727	0.722	0.696	0.705	0.67	0.733	0.699	0.768	0.801	0.726	0.725	0.717	0.768	0.726	0.678	0.722	0.69	0.752	0.705	0.716	0.816	0.743	0.707	0.672	0.734	0.694	0.652	0.673	0.626	0.713	0.678	0.775	0.764	0.715	0.731	0.737	0.835	0.704	0.692	0.731	0.653	0.744	0.67	0.693	0.696	0.682	0.706	0.683	0.716	0.719	0.639	0.678	0.487	0.672	0.696	0.722	0.72	0.67	0.718	0.682	0.706	0.72	0.672	0.685	0.499	0.7	0.664	0.695	0.69	0.64	0.688	0.676	0.701	0.711	0.647	0.689	0.282	0.695	0.697	0.692	0.688	0.65	0.65	0.613	0.708	0.648	0.634	0.636	0.281	0.646
Plate_3	11	0.705	0.704	0.741	0.734	0.719	0.706	0.749	0.728	0.707	0.706	0.682	0.75	0.71	0.775	0.835	0.746	0.73	0.73	0.771	0.742	0.683	0.719	0.7	0.768	0.719	0.717	0.808	0.763	0.727	0.705	0.743	0.711	0.677	0.682	0.648	0.734	0.696	0.776	0.785	0.753	0.747	0.759	0.837	0.73	0.725	0.737	0.672	0.756	0.682	0.713	0.718	0.729	0.718	0.699	0.725	0.735	0.657	0.694	0.526	0.679	0.707	0.737	0.752	0.702	0.736	0.684	0.736	0.727	0.677	0.7	0.533	0.711	0.68	0.701	0.722	0.69	0.711	0.685	0.709	0.73	0.665	0.705	0.341	0.705	0.712	0.712	0.708	0.682	0.668	0.63	0.72	0.673	0.656	0.65	0.341	0.663
Plate_3	12	0.714	0.723	0.75	0.741	0.732	0.724	0.743	0.737	0.718	0.717	0.688	0.757	0.715	0.767	0.844	0.759	0.733	0.738	0.756	0.736	0.701	0.731	0.706	0.772	0.727	0.727	0.809	0.774	0.729	0.699	0.736	0.715	0.685	0.703	0.662	0.744	0.707	0.768	0.796	0.762	0.757	0.761	0.806	0.729	0.732	0.747	0.688	0.763	0.694	0.719	0.725	0.765	0.742	0.706	0.739	0.74	0.675	0.705	0.566	0.689	0.714	0.738	0.767	0.724	0.753	0.7	0.73	0.734	0.69	0.715	0.571	0.714	0.691	0.7	0.738	0.72	0.737	0.699	0.72	0.735	0.692	0.713	0.414	0.709	0.715	0.715	0.723	0.704	0.684	0.641	0.721	0.681	0.674	0.665	0.413	0.678
Plate_3	13	0.717	0.72	0.751	0.742	0.738	0.723	0.743	0.728	0.718	0.719	0.69	0.76	0.719	0.771	0.836	0.768	0.745	0.749	0.766	0.732	0.708	0.732	0.708	0.78	0.726	0.736	0.821	0.779	0.736	0.72	0.726	0.719	0.702	0.705	0.674	0.75	0.709	0.767	0.785	0.767	0.772	0.76	0.785	0.725	0.736	0.747	0.698	0.769	0.694	0.722	0.737	0.78	0.763	0.714	0.733	0.737	0.685	0.704	0.601	0.694	0.717	0.741	0.768	0.727	0.77	0.701	0.742	0.735	0.704	0.715	0.606	0.718	0.699	0.702	0.744	0.735	0.755	0.71	0.729	0.74	0.702	0.718	0.476	0.713	0.716	0.717	0.731	0.714	0.702	0.654	0.725	0.694	0.682	0.671	0.471	0.683
Plate_3	14	0.715	0.725	0.756	0.734	0.742	0.72	0.741	0.735	0.718	0.721	0.691	0.761	0.718	0.773	0.832	0.77	0.758	0.744	0.764	0.735	0.708	0.738	0.705	0.782	0.727	0.753	0.825	0.788	0.744	0.724	0.736	0.724	0.708	0.71	0.68	0.756	0.715	0.765	0.783	0.773	0.777	0.767	0.788	0.741	0.742	0.757	0.703	0.775	0.7	0.733	0.744	0.795	0.774	0.723	0.747	0.749	0.694	0.715	0.631	0.702	0.721	0.742	0.772	0.727	0.775	0.71	0.742	0.745	0.706	0.721	0.636	0.719	0.706	0.708	0.748	0.737	0.766	0.717	0.733	0.741	0.708	0.722	0.526	0.711	0.717	0.721	0.731	0.717	0.716	0.662	0.728	0.694	0.689	0.676	0.518	0.683
Plate_3	15	0.708	0.718	0.742	0.729	0.738	0.716	0.74	0.726	0.712	0.715	0.692	0.759	0.715	0.756	0.822	0.769	0.758	0.741	0.759	0.736	0.71	0.734	0.702	0.779	0.723	0.755	0.813	0.779	0.753	0.723	0.733	0.73	0.711	0.71	0.686	0.759	0.714	0.758	0.766	0.77	0.785	0.767	0.787	0.737	0.739	0.753	0.706	0.776	0.696	0.735	0.741	0.786	0.775	0.73	0.743	0.74	0.698	0.719	0.654	0.7	0.724	0.747	0.773	0.718	0.782	0.712	0.738	0.741	0.713	0.722	0.659	0.72	0.708	0.71	0.736	0.735	0.775	0.718	0.736	0.741	0.71	0.728	0.568	0.719	0.716	0.718	0.724	0.708	0.727	0.668	0.725	0.693	0.694	0.676	0.558	0.682
Plate_3	16	0.704	0.715	0.729	0.723	0.735	0.715	0.732	0.728	0.707	0.712	0.688	0.758	0.711	0.753	0.805	0.76	0.76	0.732	0.758	0.731	0.706	0.732	0.7	0.776	0.728	0.753	0.805	0.772	0.762	0.727	0.741	0.719	0.711	0.708	0.686	0.758	0.71	0.754	0.76	0.763	0.782	0.763	0.784	0.732	0.74	0.746	0.702	0.772	0.698	0.732	0.737	0.774	0.782	0.725	0.737	0.74	0.697	0.718	0.671	0.7	0.721	0.741	0.768	0.702	0.787	0.712	0.736	0.742	0.708	0.718	0.675	0.716	0.71	0.707	0.73	0.718	0.782	0.719	0.73	0.74	0.715	0.724	0.607	0.715	0.712	0.711	0.714	0.686	0.73	0.667	0.723	0.689	0.695	0.675	0.595	0.679
Plate_3	17	0.703	0.711	0.722	0.714	0.732	0.712	0.73	0.719	0.705	0.709	0.683	0.752	0.708	0.744	0.792	0.753	0.762	0.728	0.753	0.729	0.702	0.729	0.696	0.774	0.717	0.75	0.792	0.764	0.76	0.728	0.738	0.723	0.713	0.707	0.684	0.752	0.707	0.75	0.752	0.757	0.783	0.76	0.78	0.724	0.729	0.742	0.701	0.767	0.691	0.729	0.728	0.736	0.784	0.728	0.728	0.732	0.697	0.716	0.68	0.697	0.718	0.733	0.754	0.681	0.789	0.715	0.735	0.737	0.704	0.714	0.684	0.713	0.706	0.709	0.723	0.7	0.782	0.717	0.726	0.737	0.719	0.721	0.639	0.714	0.706	0.704	0.701	0.666	0.733	0.665	0.721	0.686	0.693	0.671	0.623	0.677
Plate_3	18	0.7	0.704	0.716	0.706	0.734	0.709	0.722	0.713	0.696	0.703	0.681	0.75	0.708	0.742	0.784	0.744	0.759	0.726	0.748	0.727	0.697	0.723	0.691	0.77	0.714	0.743	0.777	0.757	0.758	0.714	0.731	0.718	0.709	0.703	0.679	0.749	0.703	0.741	0.742	0.747	0.779	0.748	0.767	0.719	0.73	0.737	0.696	0.761	0.687	0.72	0.713	0.717	0.785	0.718	0.727	0.731	0.691	0.711	0.687	0.693	0.712	0.727	0.743	0.67	0.787	0.709	0.728	0.732	0.701	0.712	0.689	0.71	0.7	0.705	0.71	0.682	0.782	0.714	0.721	0.733	0.713	0.712	0.664	0.709	0.699	0.697	0.69	0.655	0.731	0.661	0.713	0.68	0.688	0.665	0.643	0.673
Plate_3	19	0.691	0.701	0.712	0.698	0.734	0.704	0.719	0.711	0.69	0.699	0.678	0.747	0.709	0.738	0.776	0.733	0.756	0.719	0.742	0.721	0.696	0.72	0.688	0.763	0.711	0.74	0.76	0.747	0.753	0.709	0.727	0.712	0.703	0.7	0.678	0.747	0.698	0.736	0.73	0.737	0.778	0.741	0.762	0.715	0.725	0.733	0.692	0.76	0.683	0.714	0.703	0.7	0.786	0.721	0.722	0.728	0.686	0.706	0.688	0.691	0.707	0.725	0.73	0.662	0.788	0.707	0.722	0.729	0.697	0.7	0.691	0.707	0.694	0.698	0.699	0.675	0.781	0.71	0.721	0.726	0.71	0.707	0.683	0.703	0.692	0.69	0.681	0.65	0.726	0.655	0.707	0.675	0.68	0.66	0.658	0.671
Plate_3	20	0.688	0.697	0.709	0.687	0.732	0.698	0.712	0.706	0.685	0.691	0.672	0.743	0.702	0.733	0.766	0.723	0.752	0.715	0.738	0.716	0.689	0.716	0.685	0.758	0.708	0.731	0.751	0.736	0.756	0.709	0.726	0.708	0.699	0.694	0.67	0.745	0.692	0.731	0.721	0.727	0.781	0.741	0.754	0.708	0.721	0.727	0.689	0.758	0.676	0.709	0.69	0.693	0.78	0.715	0.723	0.72	0.684	0.7	0.684	0.686	0.698	0.718	0.717	0.657	0.786	0.7	0.719	0.729	0.69	0.696	0.69	0.703	0.687	0.693	0.689	0.67	0.781	0.702	0.713	0.72	0.701	0.699	0.692	0.7	0.692	0.685	0.673	0.647	0.723	0.648	0.702	0.67	0.673	0.652	0.667	0.666
Plate_3	21	0.688	0.697	0.707	0.676	0.725	0.695	0.712	0.703	0.681	0.688	0.669	0.742	0.697	0.731	0.752	0.711	0.746	0.708	0.735	0.715	0.683	0.711	0.681	0.755	0.7	0.727	0.743	0.724	0.754	0.701	0.72	0.701	0.691	0.69	0.668	0.741	0.69	0.729	0.715	0.715	0.778	0.731	0.748	0.705	0.713	0.719	0.685	0.753	0.671	0.704	0.68	0.682	0.778	0.706	0.721	0.719	0.675	0.692	0.681	0.68	0.691	0.716	0.709	0.653	0.781	0.695	0.713	0.722	0.685	0.691	0.686	0.702	0.677	0.685	0.683	0.669	0.776	0.7	0.71	0.717	0.695	0.692	0.699	0.695	0.684	0.681	0.667	0.646	0.721	0.643	0.699	0.667	0.666	0.647	0.671	0.664
Plate_3	22	0.683	0.695	0.702	0.668	0.719	0.691	0.707	0.696	0.679	0.684	0.665	0.745	0.694	0.729	0.748	0.703	0.744	0.703	0.731	0.71	0.676	0.707	0.678	0.755	0.697	0.722	0.735	0.712	0.752	0.697	0.717	0.7	0.691	0.685	0.663	0.743	0.683	0.722	0.71	0.705	0.773	0.722	0.743	0.7	0.708	0.711	0.681	0.753	0.667	0.701	0.672	0.684	0.772	0.702	0.713	0.713	0.669	0.688	0.677	0.678	0.683	0.707	0.701	0.652	0.776	0.69	0.706	0.718	0.675	0.684	0.68	0.701	0.675	0.678	0.674	0.666	0.769	0.69	0.707	0.707	0.688	0.685	0.703	0.691	0.683	0.677	0.662	0.644	0.716	0.636	0.697	0.665	0.66	0.643	0.673	0.663
Plate_3	23	0.681	0.693	0.696	0.662	0.715	0.687	0.702	0.692	0.676	0.68	0.661	0.744	0.69	0.72	0.739	0.69	0.738	0.701	0.731	0.707	0.672	0.704	0.673	0.755	0.69	0.717	0.727	0.7	0.745	0.69	0.711	0.693	0.685	0.682	0.659	0.742	0.677	0.716	0.7	0.694	0.768	0.719	0.739	0.692	0.701	0.706	0.676	0.753	0.665	0.692	0.665	0.67	0.766	0.696	0.712	0.707	0.665	0.681	0.671	0.677	0.686	0.701	0.69	0.649	0.769	0.68	0.7	0.711	0.67	0.68	0.673	0.701	0.671	0.674	0.667	0.662	0.76	0.68	0.702	0.703	0.68	0.682	0.701	0.686	0.682	0.676	0.659	0.643	0.714	0.63	0.695	0.662	0.654	0.641	0.67	0.661
Plate_4	0	0.198	0.2	0.204	0.199	0.197	0.209	0.107	0.102	0.103	0.104	0.108	0.102	0.201	0.196	0.201	0.2	0.193	0.205	0.103	0.104	0.103	0.098	0.102	0.104	0.195	0.197	0.2	0.201	0.19	0.212	0.106	0.116	0.103	0.102	0.101	0.113	0.211	0.194	0.212	0.274	0.214	0.203	0.111	0.106	0.107	0.104	0.105	0.107	0.197	0.199	0.205	0.2	0.207	0.208	0.106	0.11	0.101	0.102	0.103	0.102	0.198	0.205	0.203	0.203	0.205	0.217	0.107	0.104	0.107	0.106	0.103	0.106	0.199	0.191	0.187	0.189	0.187	0.199	0.105	0.121	0.117	0.103	0.11	0.112	0.2	0.194	0.194	0.287	0.189	0.208	0.108	0.1	0.1	0.102	0.102	0.101
Plate_4	1	0.213	0.217	0.217	0.213	0.207	0.224	0.106	0.102	0.103	0.104	0.107	0.102	0.21	0.205	0.216	0.211	0.202	0.215	0.103	0.103	0.103	0.097	0.101	0.103	0.207	0.209	0.212	0.211	0.202	0.223	0.105	0.115	0.102	0.101	0.1	0.112	0.225	0.206	0.216	0.363	0.23	0.213	0.11	0.105	0.107	0.103	0.104	0.106	0.21	0.209	0.217	0.213	0.217	0.219	0.106	0.11	0.101	0.102	0.103	0.102	0.21	0.218	0.216	0.218	0.22	0.23	0.107	0.103	0.107	0.106	0.102	0.106	0.207	0.199	0.195	0.197	0.193	0.206	0.104	0.12	0.116	0.103	0.109	0.106	0.212	0.204	0.201	0.428	0.199	0.217	0.107	0.1	0.1	0.102	0.101	0.101
Plate_4	2	0.242	0.271	0.251	0.254	0.218	0.247	0.106	0.102	0.103	0.104	0.107	0.102	0.242	0.236	0.266	0.244	0.218	0.24	0.103	0.103	0.103	0.097	0.102	0.103	0.235	0.25	0.257	0.243	0.25	0.259	0.105	0.115	0.102	0.101	0.1	0.112	0.273	0.248	0.253	0.524	0.284	0.229	0.11	0.105	0.107	0.103	0.104	0.106	0.242	0.235	0.263	0.249	0.268	0.251	0.106	0.11	0.101	0.101	0.103	0.102	0.238	0.259	0.266	0.27	0.27	0.279	0.107	0.103	0.106	0.105	0.102	0.106	0.226	0.221	0.221	0.226	0.216	0.226	0.104	0.12	0.116	0.103	0.109	0.106	0.235	0.236	0.221	0.609	0.233	0.242	0.107	0.1	0.099	0.102	0.101	0.101
Plate_4	3	0.3	0.346	0.329	0.306	0.266	0.318	0.106	0.102	0.103	0.104	0.107	0.102	0.29	0.287	0.34	0.298	0.269	0.291	0.103	0.103	0.103	0.097	0.101	0.103	0.297	0.316	0.318	0.288	0.292	0.305	0.104	0.115	0.102	0.101	0.1	0.112	0.365	0.319	0.318	0.596	0.342	0.282	0.11	0.105	0.107	0.103	0.104	0.106	0.302	0.329	0.343	0.304	0.32	0.288	0.106	0.11	0.101	0.102	0.103	0.102	0.309	0.342	0.349	0.353	0.374	0.353	0.107	0.103	0.106	0.105	0.102	0.106	0.262	0.259	0.254	0.26	0.253	0.266	0.104	0.119	0.116	0.103	0.109	0.106	0.281	0.3	0.272	0.634	0.297	0.297	0.107	0.1	0.099	0.102	0.101	0.101
Plate_4	4	0.367	0.42	0.393	0.385	0.34	0.384	0.106	0.102	0.103	0.104	0.107	0.102	0.348	0.338	0.42	0.356	0.327	0.342	0.103	0.103	0.102	0.097	0.102	0.103	0.353	0.391	0.401	0.353	0.337	0.36	0.104	0.115	0.102	0.101	0.1	0.111	0.431	0.389	0.407	0.641	0.409	0.35	0.11	0.105	0.106	0.103	0.104	0.106	0.363	0.397	0.423	0.408	0.394	0.337	0.106	0.11	0.101	0.102	0.103	0.102	0.376	0.411	0.4	0.395	0.421	0.426	0.107	0.103	0.106	0.105	0.102	0.106	0.306	0.297	0.293	0.303	0.298	0.308	0.104	0.119	0.115	0.103	0.109	0.106	0.334	0.353	0.325	0.685	0.351	0.348	0.107	0.1	0.099	0.102	0.101	0.101
Plate_4	5	0.444	0.487	0.457	0.457	0.409	0.46	0.106	0.102	0.103	0.104	0.107	0.102	0.412	0.39	0.453	0.433	0.392	0.387	0.103	0.103	0.102	0.097	0.102	0.103	0.398	0.442	0.444	0.427	0.453	0.434	0.104	0.115	0.102	0.101	0.1	0.111	0.473	0.424	0.461	0.667	0.523	0.411	0.11	0.105	0.107	0.103	0.104	0.106	0.412	0.451	0.481	0.441	0.471	0.426	0.106	0.11	0.101	0.101	0.103	0.102	0.419	0.451	0.464	0.457	0.503	0.477	0.107	0.103	0.106	0.105	0.102	0.106	0.355	0.344	0.334	0.361	0.333	0.351	0.104	0.119	0.115	0.103	0.109	0.106	0.4	0.409	0.373	0.704	0.398	0.404	0.107	0.1	0.099	0.102	0.101	0.101
Plate_4	6	0.544	0.576	0.547	0.557	0.508	0.535	0.106	0.102	0.103	0.104	0.107	0.102	0.481	0.454	0.547	0.505	0.492	0.455	0.103	0.103	0.103	0.097	0.102	0.103	0.472	0.513	0.499	0.521	0.495	0.479	0.104	0.115	0.102	0.101	0.1	0.111	0.551	0.491	0.481	0.68	0.605	0.484	0.11	0.105	0.106	0.103	0.104	0.106	0.484	0.473	0.497	0.544	0.544	0.481	0.106	0.11	0.101	0.101	0.103	0.102	0.477	0.501	0.538	0.583	0.552	0.531	0.106	0.103	0.106	0.105	0.102	0.106	0.417	0.398	0.382	0.409	0.381	0.384	0.104	0.119	0.115	0.103	0.109	0.106	0.482	0.476	0.431	0.687	0.47	0.44	0.107	0.1	0.099	0.102	0.101	0.101
Plate_4	7	0.597	0.639	0.607	0.634	0.583	0.591	0.106	0.102	0.103	0.104	0.107	0.102	0.571	0.534	0.611	0.589	0.567	0.549	0.103	0.103	0.102	0.097	0.101	0.103	0.557	0.591	0.579	0.592	0.589	0.55	0.104	0.115	0.102	0.101	0.1	0.111	0.61	0.564	0.572	0.681	0.659	0.558	0.11	0.105	0.106	0.103	0.104	0.106	0.562	0.555	0.593	0.651	0.601	0.504	0.106	0.11	0.101	0.101	0.103	0.102	0.556	0.568	0.601	0.662	0.622	0.614	0.106	0.103	0.106	0.105	0.102	0.106	0.498	0.468	0.453	0.486	0.434	0.427	0.104	0.119	0.114	0.103	0.109	0.105	0.564	0.549	0.504	0.668	0.55	0.514	0.107	0.1	0.099	0.101	0.101	0.101
Plate_4	8	0.63	0.665	0.635	0.677	0.63	0.619	0.106	0.102	0.103	0.104	0.107	0.102	0.606	0.584	0.636	0.648	0.624	0.584	0.103	0.103	0.102	0.097	0.101	0.103	0.603	0.619	0.612	0.647	0.645	0.594	0.103	0.115	0.102	0.101	0.1	0.11	0.64	0.602	0.617	0.685	0.694	0.596	0.11	0.105	0.106	0.103	0.104	0.106	0.594	0.599	0.633	0.707	0.631	0.564	0.106	0.11	0.101	0.101	0.103	0.102	0.587	0.598	0.617	0.705	0.637	0.64	0.106	0.103	0.106	0.105	0.102	0.105	0.555	0.534	0.527	0.567	0.511	0.486	0.104	0.119	0.114	0.103	0.109	0.106	0.6	0.591	0.563	0.652	0.59	0.556	0.107	0.1	0.099	0.101	0.101	0.101
Plate_4	9	0.658	0.692	0.663	0.711	0.663	0.645	0.106	0.102	0.103	0.104	0.107	0.102	0.641	0.621	0.658	0.686	0.651	0.616	0.103	0.103	0.102	0.097	0.101	0.103	0.636	0.649	0.644	0.686	0.681	0.627	0.103	0.115	0.102	0.101	0.1	0.109	0.666	0.632	0.644	0.69	0.719	0.631	0.109	0.105	0.106	0.103	0.104	0.106	0.624	0.627	0.657	0.759	0.665	0.602	0.106	0.11	0.101	0.101	0.103	0.102	0.617	0.623	0.639	0.761	0.656	0.664	0.107	0.103	0.106	0.105	0.102	0.105	0.596	0.575	0.573	0.624	0.563	0.535	0.104	0.119	0.114	0.103	0.109	0.106	0.633	0.625	0.604	0.671	0.624	0.601	0.107	0.1	0.099	0.101	0.101	0.101
Plate_4	10	0.677	0.713	0.682	0.734	0.689	0.666	0.106	0.102	0.102	0.104	0.107	0.102	0.666	0.649	0.68	0.714	0.681	0.64	0.102	0.103	0.102	0.097	0.101	0.103	0.663	0.675	0.669	0.719	0.709	0.656	0.103	0.115	0.102	0.101	0.1	0.109	0.688	0.657	0.673	0.688	0.743	0.659	0.109	0.105	0.106	0.103	0.104	0.106	0.645	0.65	0.683	0.801	0.682	0.638	0.106	0.11	0.101	0.101	0.103	0.102	0.641	0.648	0.663	0.798	0.68	0.686	0.106	0.103	0.106	0.105	0.102	0.105	0.626	0.609	0.612	0.663	0.608	0.585	0.104	0.119	0.114	0.102	0.108	0.105	0.655	0.648	0.639	0.672	0.656	0.636	0.107	0.1	0.099	0.102	0.101	0.101
Plate_4	11	0.691	0.724	0.696	0.752	0.706	0.681	0.106	0.102	0.103	0.104	0.107	0.102	0.684	0.669	0.691	0.736	0.702	0.663	0.103	0.103	0.102	0.097	0.102	0.103	0.683	0.69	0.686	0.74	0.733	0.676	0.103	0.115	0.102	0.101	0.1	0.109	0.703	0.674	0.691	0.679	0.758	0.675	0.109	0.105	0.106	0.103	0.104	0.106	0.662	0.675	0.701	0.827	0.705	0.664	0.106	0.11	0.101	0.101	0.103	0.102	0.659	0.665	0.68	0.825	0.695	0.699	0.106	0.103	0.106	0.105	0.102	0.105	0.65	0.637	0.639	0.696	0.636	0.617	0.104	0.119	0.114	0.103	0.109	0.105	0.67	0.663	0.658	0.684	0.672	0.657	0.107	0.1	0.099	0.102	0.101	0.101
Plate_4	12	0.698	0.732	0.699	0.766	0.719	0.693	0.106	0.102	0.103	0.104	0.107	0.102	0.694	0.679	0.702	0.751	0.718	0.678	0.103	0.103	0.102	0.097	0.101	0.103	0.696	0.702	0.697	0.755	0.748	0.687	0.103	0.115	0.102	0.101	0.1	0.109	0.708	0.688	0.702	0.681	0.777	0.689	0.109	0.105	0.106	0.103	0.104	0.106	0.672	0.686	0.713	0.848	0.71	0.679	0.106	0.11	0.101	0.102	0.103	0.102	0.67	0.677	0.69	0.844	0.704	0.71	0.106	0.103	0.106	0.105	0.102	0.105	0.664	0.657	0.661	0.719	0.658	0.639	0.104	0.119	0.113	0.103	0.109	0.105	0.683	0.678	0.678	0.684	0.682	0.676	0.107	0.1	0.099	0.102	0.101	0.101
Plate_4	13	0.703	0.74	0.702	0.77	0.724	0.696	0.106	0.101	0.103	0.104	0.107	0.102	0.7	0.689	0.709	0.758	0.729	0.687	0.103	0.103	0.102	0.097	0.101	0.103	0.703	0.711	0.703	0.761	0.757	0.695	0.103	0.115	0.102	0.101	0.1	0.108	0.712	0.694	0.71	0.686	0.781	0.698	0.109	0.105	0.106	0.103	0.104	0.106	0.678	0.695	0.721	0.864	0.721	0.691	0.106	0.11	0.101	0.101	0.103	0.102	0.678	0.684	0.695	0.859	0.711	0.717	0.106	0.103	0.106	0.105	0.102	0.105	0.674	0.669	0.673	0.737	0.671	0.655	0.104	0.119	0.113	0.103	0.109	0.106	0.688	0.684	0.684	0.685	0.693	0.681	0.107	0.1	0.099	0.101	0.101	0.101
Plate_4	14	0.706	0.737	0.705	0.773	0.73	0.698	0.105	0.101	0.103	0.104	0.107	0.102	0.702	0.689	0.708	0.761	0.738	0.692	0.103	0.103	0.102	0.097	0.101	0.103	0.702	0.713	0.703	0.767	0.76	0.699	0.103	0.115	0.102	0.101	0.1	0.108	0.715	0.696	0.713	0.69	0.785	0.704	0.109	0.105	0.106	0.103	0.104	0.106	0.683	0.699	0.719	0.878	0.722	0.697	0.106	0.11	0.101	0.101	0.103	0.102	0.683	0.691	0.7	0.872	0.712	0.723	0.106	0.103	0.106	0.105	0.102	0.105	0.681	0.678	0.681	0.747	0.679	0.662	0.104	0.119	0.113	0.103	0.108	0.105	0.689	0.684	0.686	0.689	0.696	0.689	0.107	0.1	0.099	0.102	0.101	0.101
Plate_4	15	0.706	0.735	0.702	0.772	0.73	0.699	0.106	0.102	0.103	0.104	0.107	0.102	0.702	0.689	0.709	0.763	0.741	0.696	0.103	0.103	0.102	0.097	0.101	0.103	0.704	0.715	0.704	0.771	0.761	0.701	0.103	0.115	0.102	0.101	0.1	0.108	0.716	0.695	0.714	0.69	0.78	0.704	0.109	0.105	0.106	0.103	0.104	0.106	0.685	0.699	0.719	0.887	0.718	0.698	0.106	0.11	0.101	0.101	0.103	0.102	0.687	0.692	0.699	0.878	0.714	0.72	0.106	0.103	0.106	0.105	0.102	0.105	0.68	0.681	0.685	0.748	0.683	0.668	0.104	0.119	0.113	0.103	0.109	0.105	0.691	0.685	0.688	0.693	0.694	0.693	0.107	0.1	0.099	0.102	0.101	0.101
Plate_4	16	0.707	0.73	0.7	0.767	0.733	0.698	0.105	0.101	0.103	0.104	0.107	0.102	0.699	0.688	0.706	0.761	0.741	0.695	0.103	0.103	0.102	0.097	0.101	0.103	0.703	0.712	0.702	0.772	0.759	0.702	0.103	0.115	0.102	0.101	0.1	0.108	0.714	0.696	0.712	0.69	0.778	0.701	0.109	0.105	0.106	0.103	0.104	0.106	0.687	0.696	0.719	0.888	0.718	0.696	0.106	0.109	0.101	0.101	0.103	0.102	0.69	0.693	0.695	0.882	0.712	0.717	0.106	0.103	0.106	0.105	0.102	0.105	0.681	0.682	0.684	0.752	0.683	0.669	0.104	0.119	0.113	0.103	0.108	0.105	0.692	0.682	0.687	0.699	0.691	0.691	0.107	0.1	0.099	0.102	0.101	0.101
Plate_4	17	0.705	0.723	0.701	0.764	0.733	0.695	0.105	0.101	0.103	0.104	0.107	0.102	0.696	0.685	0.702	0.761	0.739	0.697	0.102	0.103	0.102	0.097	0.101	0.103	0.701	0.707	0.701	0.772	0.756	0.7	0.103	0.115	0.102	0.101	0.1	0.108	0.714	0.695	0.708	0.696	0.776	0.698	0.109	0.105	0.106	0.103	0.104	0.106	0.688	0.694	0.713	0.893	0.714	0.696	0.106	0.11	0.101	0.101	0.103	0.102	0.692	0.695	0.695	0.885	0.709	0.712	0.106	0.103	0.106	0.105	0.102	0.105	0.681	0.685	0.685	0.75	0.683	0.669	0.104	0.119	0.113	0.103	0.109	0.105	0.692	0.68	0.685	0.708	0.687	0.688	0.107	0.1	0.099	0.102	0.101	0.101
Plate_4	18	0.704	0.717	0.699	0.762	0.733	0.692	0.105	0.101	0.103	0.104	0.107	0.102	0.694	0.681	0.7	0.759	0.739	0.691	0.102	0.102	0.102	0.097	0.101	0.103	0.698	0.702	0.7	0.771	0.754	0.697	0.103	0.115	0.102	0.101	0.1	0.108	0.712	0.694	0.703	0.698	0.774	0.695	0.109	0.105	0.106	0.103	0.104	0.106	0.688	0.691	0.71	0.895	0.709	0.694	0.106	0.109	0.101	0.101	0.103	0.102	0.692	0.694	0.692	0.887	0.708	0.708	0.106	0.103	0.106	0.105	0.102	0.105	0.68	0.686	0.684	0.746	0.683	0.67	0.104	0.118	0.113	0.102	0.108	0.105	0.69	0.679	0.683	0.714	0.683	0.681	0.107	0.1	0.099	0.101	0.101	0.101
Plate_4	19	0.704	0.713	0.699	0.76	0.733	0.69	0.105	0.101	0.103	0.104	0.107	0.102	0.691	0.679	0.698	0.755	0.737	0.687	0.103	0.103	0.102	0.097	0.101	0.103	0.697	0.7	0.698	0.767	0.75	0.694	0.103	0.115	0.102	0.101	0.1	0.108	0.711	0.692	0.701	0.696	0.772	0.689	0.109	0.105	0.107	0.103	0.104	0.106	0.687	0.688	0.706	0.894	0.704	0.691	0.106	0.11	0.101	0.101	0.103	0.102	0.691	0.692	0.69	0.887	0.704	0.699	0.106	0.103	0.106	0.105	0.102	0.105	0.68	0.685	0.684	0.742	0.681	0.668	0.104	0.119	0.113	0.103	0.109	0.105	0.692	0.675	0.682	0.729	0.679	0.676	0.107	0.1	0.099	0.102	0.101	0.101
Plate_4	20	0.701	0.708	0.694	0.756	0.733	0.688	0.105	0.101	0.103	0.104	0.107	0.102	0.688	0.674	0.692	0.751	0.735	0.683	0.102	0.103	0.102	0.097	0.101	0.103	0.692	0.696	0.694	0.763	0.747	0.691	0.102	0.115	0.102	0.101	0.1	0.108	0.712	0.689	0.696	0.698	0.77	0.684	0.109	0.105	0.106	0.103	0.104	0.106	0.688	0.685	0.703	0.893	0.701	0.687	0.106	0.11	0.101	0.101	0.103	0.102	0.69	0.692	0.687	0.887	0.701	0.695	0.106	0.103	0.105	0.105	0.102	0.105	0.676	0.683	0.681	0.739	0.678	0.664	0.104	0.118	0.112	0.103	0.108	0.105	0.69	0.674	0.68	0.742	0.677	0.669	0.107	0.1	0.099	0.101	0.101	0.101
Plate_4	21	0.699	0.704	0.691	0.752	0.734	0.686	0.105	0.101	0.104	0.104	0.107	0.102	0.687	0.671	0.693	0.747	0.731	0.681	0.103	0.103	0.102	0.097	0.101	0.103	0.691	0.691	0.693	0.76	0.744	0.688	0.102	0.115	0.102	0.101	0.1	0.108	0.711	0.69	0.693	0.702	0.771	0.682	0.109	0.105	0.106	0.103	0.104	0.106	0.688	0.682	0.699	0.892	0.697	0.684	0.106	0.11	0.101	0.101	0.103	0.102	0.691	0.691	0.685	0.888	0.701	0.691	0.106	0.103	0.106	0.105	0.102	0.105	0.676	0.679	0.676	0.735	0.675	0.66	0.104	0.118	0.112	0.102	0.108	0.105	0.689	0.671	0.677	0.752	0.674	0.666	0.107	0.1	0.099	0.101	0.101	0.101
Plate_4	22	0.7	0.701	0.692	0.75	0.736	0.686	0.104	0.101	0.105	0.104	0.107	0.102	0.685	0.67	0.691	0.744	0.73	0.678	0.102	0.103	0.102	0.097	0.101	0.103	0.689	0.687	0.691	0.76	0.743	0.686	0.102	0.115	0.102	0.101	0.1	0.108	0.711	0.688	0.69	0.704	0.773	0.679	0.109	0.105	0.106	0.103	0.104	0.106	0.687	0.679	0.696	0.892	0.694	0.682	0.106	0.109	0.101	0.101	0.103	0.102	0.692	0.69	0.684	0.891	0.7	0.688	0.106	0.103	0.105	0.105	0.102	0.105	0.673	0.676	0.673	0.735	0.672	0.658	0.104	0.118	0.112	0.103	0.108	0.105	0.689	0.671	0.675	0.762	0.672	0.662	0.107	0.1	0.099	0.101	0.101	0.101
Plate_4	23	0.702	0.696	0.693	0.751	0.741	0.686	0.105	0.101	0.105	0.104	0.107	0.102	0.685	0.667	0.69	0.743	0.729	0.677	0.102	0.103	0.102	0.097	0.101	0.103	0.688	0.685	0.69	0.76	0.742	0.687	0.102	0.115	0.102	0.101	0.1	0.108	0.711	0.688	0.687	0.706	0.774	0.678	0.109	0.105	0.106	0.103	0.104	0.106	0.688	0.677	0.696	0.893	0.691	0.68	0.106	0.109	0.101	0.101	0.103	0.102	0.691	0.692	0.684	0.892	0.7	0.685	0.106	0.103	0.105	0.105	0.102	0.105	0.672	0.674	0.67	0.733	0.668	0.656	0.104	0.118	0.112	0.103	0.108	0.105	0.688	0.672	0.674	0.778	0.671	0.657	0.107	0.1	0.099	0.101	0.101	0.101