Plate	Time	A1	A2	A3	A4	A5	A6	A7	A8	A9	A10	A11	A12	B1	B2	B3	B4	B5	B6	B7	B8	B9	B10	B11	B12	C1	C2	C3	C4	C5	C6	C7	C8	C9	C10	C11	C12	D1	D2	D3	D4	D5	D6	D7	D8	D9	D10	D11	D12	E1	E2	E3	E4	E5	E6	E7	E8	E9	E10	E11	E12	F1	F2	F3	F4	F5	F6	F7	F8	F9	F10	F11	F12	G1	G2	G3	G4	G5	G6	G7	G8	G9	G10	G11	G12	H1	H2	H3	H4	H5	H6	H7	H8	H9	H10	H11	H12
Plate_1	0	0.266	0.286	0.296	0.27	0.261	0.26	0.262	0.254	0.175	0.307	0.319	0.323	0.248	0.256	0.253	0.236	0.242	0.237	0.238	0.248	0.165	0.254	0.266	0.289	0.256	0.282	0.258	0.249	0.267	0.271	0.253	0.264	0.17	0.262	0.287	0.269	0.3	0.274	0.271	0.261	0.266	0.284	0.279	0.257	0.164	0.28	0.262	0.256	0.282	0.276	0.275	0.25	0.274	0.271	0.271	0.263	0.168	0.276	0.265	0.263	0.263	0.245	0.238	0.231	0.244	0.242	0.237	0.244	0.17	0.253	0.245	0.263	0.259	0.262	0.263	0.243	0.251	0.234	0.252	0.235	0.166	0.252	0.242	0.25	0.287	0.278	0.278	0.248	0.266	0.331	0.254	0.231	0.168	0.263	0.269	0.257
Plate_1	1	0.366	0.403	0.425	0.363	0.378	0.4	0.386	0.377	0.168	0.407	0.459	0.475	0.321	0.334	0.355	0.296	0.366	0.363	0.358	0.395	0.168	0.356	0.385	0.448	0.346	0.38	0.368	0.373	0.404	0.448	0.397	0.398	0.176	0.398	0.408	0.418	0.423	0.366	0.415	0.399	0.389	0.488	0.455	0.449	0.182	0.434	0.376	0.384	0.37	0.397	0.425	0.382	0.442	0.462	0.443	0.424	0.204	0.406	0.394	0.376	0.34	0.319	0.344	0.313	0.387	0.38	0.373	0.395	0.187	0.385	0.362	0.397	0.334	0.36	0.367	0.31	0.362	0.351	0.355	0.337	0.187	0.35	0.353	0.372	0.401	0.424	0.409	0.323	0.385	0.459	0.366	0.3	0.164	0.384	0.409	0.386
Plate_1	2	0.471	0.514	0.542	0.496	0.506	0.517	0.494	0.51	0.162	0.523	0.568	0.582	0.434	0.461	0.473	0.405	0.466	0.452	0.48	0.517	0.16	0.464	0.506	0.573	0.455	0.515	0.492	0.464	0.53	0.568	0.529	0.525	0.163	0.525	0.539	0.538	0.496	0.477	0.512	0.482	0.48	0.58	0.559	0.527	0.19	0.516	0.501	0.51	0.432	0.529	0.513	0.461	0.528	0.524	0.532	0.556	0.176	0.512	0.513	0.494	0.4	0.43	0.411	0.386	0.451	0.45	0.45	0.498	0.162	0.488	0.489	0.524	0.415	0.48	0.495	0.428	0.471	0.458	0.481	0.473	0.162	0.474	0.478	0.499	0.468	0.549	0.501	0.432	0.491	0.563	0.493	0.426	0.162	0.502	0.561	0.512
Plate_1	3	0.451	0.601	0.624	0.588	0.587	0.609	0.572	0.583	0.161	0.586	0.654	0.689	0.455	0.529	0.543	0.515	0.556	0.542	0.561	0.582	0.161	0.54	0.581	0.688	0.461	0.602	0.581	0.572	0.624	0.638	0.607	0.602	0.162	0.601	0.611	0.648	0.495	0.552	0.59	0.585	0.565	0.641	0.631	0.608	0.215	0.604	0.584	0.625	0.443	0.613	0.6	0.563	0.61	0.605	0.616	0.64	0.164	0.596	0.594	0.573	0.417	0.505	0.492	0.492	0.534	0.533	0.534	0.582	0.161	0.577	0.572	0.609	0.425	0.557	0.58	0.525	0.556	0.537	0.553	0.545	0.161	0.552	0.554	0.583	0.468	0.586	0.579	0.518	0.579	0.649	0.568	0.513	0.162	0.577	0.645	0.599
Plate_1	4	0.465	0.655	0.678	0.631	0.661	0.67	0.645	0.648	0.16	0.663	0.715	0.737	0.46	0.61	0.62	0.597	0.643	0.633	0.648	0.656	0.16	0.621	0.661	0.723	0.471	0.666	0.654	0.639	0.698	0.706	0.677	0.673	0.161	0.659	0.683	0.696	0.533	0.64	0.675	0.665	0.647	0.713	0.696	0.684	0.24	0.678	0.664	0.703	0.486	0.694	0.682	0.641	0.689	0.674	0.696	0.713	0.162	0.686	0.672	0.655	0.473	0.605	0.6	0.579	0.632	0.631	0.634	0.671	0.16	0.674	0.664	0.683	0.446	0.647	0.664	0.601	0.643	0.631	0.642	0.628	0.161	0.643	0.642	0.657	0.49	0.659	0.661	0.593	0.659	0.716	0.649	0.599	0.161	0.644	0.713	0.668
Plate_1	5	0.52	0.684	0.702	0.676	0.686	0.691	0.67	0.673	0.16	0.701	0.731	0.742	0.516	0.66	0.668	0.638	0.681	0.673	0.679	0.69	0.159	0.667	0.693	0.726	0.53	0.688	0.683	0.668	0.707	0.711	0.696	0.698	0.16	0.687	0.709	0.697	0.622	0.704	0.732	0.706	0.701	0.746	0.72	0.722	0.242	0.717	0.707	0.728	0.555	0.73	0.714	0.683	0.72	0.709	0.72	0.736	0.161	0.719	0.705	0.696	0.577	0.678	0.678	0.649	0.692	0.697	0.695	0.727	0.159	0.723	0.704	0.71	0.487	0.698	0.703	0.656	0.693	0.692	0.7	0.694	0.16	0.703	0.691	0.7	0.551	0.694	0.696	0.647	0.703	0.744	0.691	0.667	0.16	0.704	0.742	0.7
Plate_1	6	0.585	0.694	0.714	0.699	0.695	0.699	0.679	0.685	0.159	0.713	0.737	0.757	0.585	0.667	0.678	0.673	0.685	0.683	0.686	0.697	0.158	0.681	0.701	0.742	0.594	0.695	0.686	0.685	0.71	0.714	0.701	0.704	0.159	0.691	0.71	0.712	0.7	0.732	0.767	0.734	0.733	0.773	0.75	0.75	0.261	0.742	0.727	0.75	0.633	0.753	0.741	0.721	0.748	0.736	0.748	0.758	0.16	0.741	0.725	0.717	0.674	0.713	0.714	0.706	0.722	0.728	0.723	0.744	0.158	0.745	0.727	0.73	0.541	0.727	0.728	0.698	0.721	0.723	0.728	0.725	0.159	0.735	0.716	0.718	0.617	0.724	0.725	0.689	0.729	0.786	0.718	0.721	0.16	0.729	0.759	0.716
Plate_1	7	0.646	0.714	0.732	0.716	0.714	0.722	0.695	0.705	0.159	0.737	0.754	0.774	0.65	0.689	0.701	0.691	0.702	0.701	0.708	0.717	0.158	0.706	0.717	0.762	0.656	0.713	0.705	0.703	0.726	0.729	0.72	0.722	0.158	0.713	0.732	0.731	0.768	0.756	0.787	0.754	0.758	0.795	0.774	0.772	0.295	0.766	0.75	0.769	0.702	0.775	0.763	0.74	0.769	0.762	0.768	0.783	0.159	0.762	0.746	0.739	0.73	0.733	0.736	0.725	0.743	0.747	0.749	0.762	0.157	0.763	0.751	0.753	0.601	0.748	0.752	0.719	0.745	0.744	0.749	0.742	0.158	0.757	0.739	0.739	0.694	0.747	0.749	0.713	0.749	0.82	0.744	0.744	0.159	0.752	0.775	0.739
Plate_1	8	0.694	0.729	0.747	0.728	0.729	0.734	0.712	0.721	0.158	0.753	0.766	0.786	0.7	0.709	0.719	0.705	0.719	0.718	0.724	0.729	0.157	0.728	0.733	0.769	0.701	0.728	0.721	0.715	0.738	0.737	0.732	0.733	0.157	0.733	0.743	0.741	0.819	0.772	0.802	0.767	0.774	0.81	0.784	0.783	0.278	0.778	0.766	0.783	0.757	0.79	0.778	0.754	0.784	0.776	0.783	0.794	0.158	0.777	0.76	0.75	0.767	0.75	0.757	0.738	0.761	0.768	0.763	0.777	0.156	0.78	0.762	0.761	0.661	0.761	0.765	0.733	0.76	0.759	0.763	0.756	0.158	0.773	0.755	0.754	0.76	0.763	0.767	0.728	0.763	0.853	0.758	0.759	0.159	0.766	0.785	0.751
Plate_1	9	0.729	0.735	0.755	0.733	0.738	0.742	0.718	0.727	0.158	0.764	0.77	0.787	0.736	0.719	0.731	0.714	0.727	0.729	0.735	0.741	0.156	0.739	0.741	0.767	0.732	0.737	0.73	0.725	0.745	0.748	0.739	0.739	0.157	0.745	0.754	0.747	0.853	0.782	0.808	0.773	0.784	0.814	0.788	0.79	0.3	0.783	0.77	0.785	0.792	0.798	0.786	0.764	0.793	0.783	0.791	0.797	0.158	0.783	0.767	0.756	0.794	0.763	0.767	0.748	0.771	0.779	0.777	0.786	0.155	0.788	0.772	0.769	0.716	0.773	0.775	0.739	0.77	0.769	0.776	0.765	0.157	0.778	0.76	0.761	0.808	0.771	0.774	0.736	0.774	0.888	0.767	0.769	0.158	0.775	0.789	0.757
Plate_1	10	0.757	0.741	0.759	0.738	0.742	0.747	0.724	0.731	0.157	0.774	0.773	0.789	0.763	0.726	0.738	0.721	0.733	0.736	0.739	0.744	0.156	0.75	0.746	0.769	0.757	0.741	0.739	0.732	0.747	0.749	0.741	0.743	0.157	0.75	0.76	0.75	0.871	0.789	0.808	0.778	0.789	0.813	0.792	0.794	0.303	0.787	0.773	0.79	0.815	0.804	0.792	0.765	0.796	0.787	0.794	0.8	0.158	0.787	0.77	0.76	0.815	0.771	0.777	0.754	0.777	0.783	0.782	0.789	0.155	0.793	0.778	0.771	0.761	0.779	0.781	0.746	0.775	0.777	0.783	0.77	0.157	0.783	0.766	0.765	0.833	0.779	0.781	0.743	0.778	0.921	0.776	0.776	0.158	0.78	0.794	0.762
Plate_1	11	0.775	0.742	0.759	0.738	0.745	0.747	0.726	0.729	0.157	0.778	0.775	0.795	0.783	0.73	0.74	0.723	0.733	0.736	0.738	0.741	0.156	0.756	0.746	0.771	0.776	0.74	0.74	0.732	0.748	0.748	0.743	0.742	0.156	0.753	0.758	0.75	0.883	0.79	0.812	0.782	0.79	0.813	0.793	0.791	0.306	0.789	0.775	0.792	0.831	0.804	0.792	0.769	0.797	0.789	0.795	0.8	0.157	0.788	0.772	0.76	0.827	0.775	0.781	0.758	0.781	0.785	0.783	0.79	0.155	0.795	0.776	0.77	0.792	0.782	0.781	0.748	0.777	0.776	0.781	0.769	0.157	0.786	0.77	0.765	0.863	0.782	0.785	0.748	0.78	0.952	0.775	0.783	0.158	0.783	0.794	0.764
Plate_1	12	0.787	0.739	0.755	0.738	0.74	0.74	0.723	0.725	0.157	0.778	0.772	0.791	0.794	0.728	0.739	0.725	0.73	0.733	0.736	0.741	0.155	0.755	0.742	0.766	0.785	0.738	0.734	0.731	0.742	0.744	0.738	0.739	0.156	0.752	0.755	0.746	0.885	0.788	0.806	0.783	0.79	0.809	0.791	0.786	0.311	0.788	0.772	0.792	0.84	0.802	0.788	0.771	0.795	0.786	0.791	0.796	0.156	0.785	0.769	0.758	0.834	0.776	0.782	0.758	0.781	0.786	0.782	0.79	0.155	0.792	0.776	0.768	0.814	0.783	0.779	0.751	0.778	0.776	0.781	0.771	0.157	0.782	0.767	0.765	0.874	0.783	0.784	0.749	0.779	0.974	0.776	0.785	0.158	0.783	0.792	0.763
Plate_1	13	0.793	0.736	0.75	0.738	0.734	0.732	0.721	0.719	0.156	0.777	0.77	0.792	0.799	0.727	0.735	0.722	0.724	0.726	0.728	0.732	0.155	0.752	0.739	0.766	0.791	0.733	0.728	0.729	0.734	0.736	0.73	0.733	0.156	0.75	0.75	0.743	0.88	0.787	0.804	0.784	0.786	0.807	0.787	0.784	0.315	0.787	0.771	0.791	0.844	0.799	0.785	0.773	0.793	0.785	0.79	0.793	0.156	0.783	0.768	0.757	0.838	0.776	0.781	0.761	0.779	0.785	0.782	0.785	0.155	0.79	0.773	0.766	0.829	0.782	0.777	0.754	0.776	0.776	0.779	0.768	0.156	0.782	0.766	0.762	0.882	0.784	0.785	0.752	0.779	0.995	0.775	0.788	0.157	0.783	0.79	0.762
Plate_1	14	0.798	0.731	0.746	0.738	0.729	0.724	0.717	0.714	0.156	0.773	0.766	0.786	0.8	0.723	0.729	0.724	0.721	0.721	0.722	0.727	0.155	0.748	0.733	0.76	0.794	0.726	0.722	0.728	0.73	0.729	0.725	0.728	0.156	0.747	0.747	0.737	0.871	0.787	0.802	0.786	0.785	0.806	0.787	0.783	0.317	0.784	0.767	0.788	0.849	0.799	0.785	0.773	0.793	0.783	0.79	0.793	0.156	0.78	0.766	0.756	0.839	0.775	0.777	0.761	0.776	0.783	0.781	0.785	0.155	0.789	0.771	0.765	0.84	0.784	0.778	0.756	0.776	0.774	0.778	0.767	0.156	0.781	0.763	0.762	0.886	0.786	0.784	0.755	0.779	1.012	0.776	0.789	0.157	0.782	0.788	0.763
Plate_1	15	0.802	0.727	0.744	0.738	0.725	0.718	0.713	0.711	0.156	0.769	0.764	0.785	0.801	0.72	0.726	0.723	0.715	0.716	0.718	0.722	0.154	0.747	0.729	0.757	0.796	0.724	0.718	0.728	0.725	0.725	0.722	0.724	0.156	0.743	0.743	0.733	0.868	0.787	0.8	0.788	0.786	0.804	0.788	0.784	0.311	0.784	0.767	0.789	0.851	0.799	0.784	0.777	0.791	0.784	0.789	0.791	0.156	0.777	0.766	0.757	0.839	0.777	0.778	0.764	0.777	0.781	0.78	0.778	0.155	0.785	0.771	0.765	0.848	0.784	0.78	0.759	0.776	0.774	0.778	0.767	0.156	0.779	0.763	0.764	0.886	0.788	0.786	0.757	0.78	1.028	0.776	0.792	0.157	0.782	0.788	0.764
Plate_1	16	0.804	0.725	0.741	0.738	0.72	0.714	0.709	0.708	0.156	0.765	0.76	0.78	0.803	0.717	0.723	0.725	0.712	0.711	0.712	0.718	0.154	0.743	0.724	0.751	0.799	0.722	0.714	0.728	0.718	0.72	0.716	0.721	0.155	0.738	0.737	0.73	0.869	0.787	0.797	0.791	0.784	0.803	0.786	0.782	0.307	0.782	0.765	0.786	0.855	0.799	0.784	0.779	0.79	0.783	0.788	0.79	0.155	0.774	0.765	0.757	0.842	0.779	0.777	0.766	0.776	0.78	0.778	0.776	0.154	0.783	0.77	0.765	0.853	0.786	0.779	0.763	0.776	0.773	0.776	0.766	0.156	0.776	0.763	0.764	0.884	0.789	0.788	0.761	0.781	1.042	0.775	0.794	0.157	0.78	0.787	0.764
Plate_1	17	0.807	0.723	0.738	0.737	0.719	0.71	0.707	0.706	0.155	0.759	0.757	0.778	0.807	0.717	0.719	0.725	0.709	0.709	0.709	0.716	0.154	0.737	0.722	0.747	0.803	0.72	0.712	0.729	0.715	0.718	0.714	0.72	0.155	0.733	0.734	0.728	0.873	0.788	0.796	0.793	0.783	0.801	0.784	0.781	0.307	0.78	0.765	0.787	0.859	0.799	0.786	0.78	0.79	0.783	0.785	0.785	0.155	0.771	0.765	0.758	0.845	0.777	0.777	0.769	0.776	0.778	0.775	0.775	0.153	0.78	0.768	0.764	0.858	0.788	0.781	0.766	0.778	0.773	0.776	0.766	0.155	0.774	0.764	0.764	0.884	0.792	0.79	0.766	0.782	1.055	0.777	0.796	0.156	0.779	0.788	0.765
Plate_1	18	0.812	0.724	0.738	0.739	0.717	0.711	0.705	0.704	0.155	0.757	0.757	0.777	0.811	0.717	0.719	0.726	0.707	0.706	0.708	0.715	0.154	0.733	0.718	0.746	0.807	0.722	0.71	0.729	0.714	0.716	0.713	0.72	0.155	0.729	0.732	0.725	0.879	0.79	0.796	0.796	0.785	0.801	0.786	0.779	0.293	0.78	0.765	0.785	0.862	0.8	0.787	0.783	0.79	0.79	0.784	0.787	0.155	0.769	0.767	0.76	0.851	0.783	0.779	0.771	0.776	0.778	0.775	0.779	0.153	0.778	0.768	0.765	0.863	0.789	0.781	0.77	0.779	0.773	0.777	0.767	0.155	0.772	0.764	0.766	0.886	0.795	0.794	0.768	0.782	1.065	0.779	0.799	0.156	0.779	0.789	0.767
Plate_1	19	0.817	0.725	0.739	0.741	0.717	0.709	0.705	0.705	0.155	0.755	0.758	0.774	0.814	0.718	0.72	0.728	0.707	0.705	0.707	0.712	0.153	0.728	0.716	0.745	0.811	0.722	0.71	0.73	0.713	0.714	0.711	0.718	0.155	0.722	0.73	0.727	0.88	0.792	0.797	0.798	0.786	0.801	0.787	0.78	0.287	0.778	0.766	0.787	0.867	0.8	0.788	0.786	0.792	0.792	0.784	0.789	0.154	0.767	0.769	0.764	0.854	0.785	0.78	0.774	0.778	0.778	0.775	0.773	0.153	0.776	0.769	0.767	0.869	0.794	0.784	0.774	0.78	0.775	0.777	0.768	0.155	0.771	0.765	0.766	0.89	0.798	0.797	0.772	0.785	1.074	0.781	0.803	0.156	0.78	0.79	0.768
Plate_1	20	0.822	0.726	0.742	0.742	0.716	0.71	0.707	0.705	0.155	0.754	0.762	0.777	0.817	0.72	0.72	0.728	0.706	0.704	0.705	0.711	0.153	0.723	0.716	0.746	0.815	0.722	0.71	0.731	0.712	0.712	0.71	0.72	0.155	0.719	0.73	0.727	0.887	0.794	0.798	0.803	0.788	0.803	0.788	0.781	0.278	0.78	0.771	0.793	0.869	0.805	0.789	0.787	0.793	0.79	0.785	0.79	0.154	0.765	0.773	0.767	0.861	0.786	0.784	0.776	0.778	0.778	0.775	0.774	0.153	0.773	0.769	0.769	0.875	0.798	0.786	0.777	0.782	0.776	0.78	0.77	0.155	0.769	0.766	0.77	0.894	0.802	0.8	0.777	0.788	1.081	0.783	0.807	0.156	0.782	0.792	0.772
Plate_1	21	0.824	0.728	0.746	0.743	0.717	0.708	0.708	0.708	0.155	0.752	0.761	0.781	0.818	0.721	0.722	0.729	0.705	0.702	0.705	0.709	0.153	0.718	0.719	0.748	0.819	0.721	0.711	0.732	0.712	0.712	0.708	0.721	0.155	0.715	0.728	0.728	0.898	0.797	0.8	0.803	0.788	0.805	0.789	0.783	0.278	0.78	0.775	0.797	0.876	0.809	0.79	0.789	0.795	0.789	0.788	0.793	0.154	0.767	0.776	0.77	0.874	0.79	0.785	0.777	0.781	0.78	0.776	0.777	0.152	0.77	0.772	0.772	0.877	0.801	0.791	0.781	0.786	0.779	0.781	0.771	0.155	0.771	0.769	0.772	0.897	0.805	0.803	0.781	0.79	1.088	0.786	0.811	0.155	0.782	0.793	0.774
Plate_1	22	0.827	0.728	0.746	0.748	0.719	0.714	0.71	0.71	0.155	0.753	0.766	0.781	0.823	0.722	0.722	0.731	0.706	0.703	0.706	0.711	0.153	0.719	0.718	0.75	0.823	0.726	0.714	0.733	0.714	0.714	0.71	0.724	0.154	0.715	0.73	0.731	0.909	0.8	0.803	0.807	0.792	0.805	0.793	0.786	0.264	0.781	0.778	0.801	0.886	0.813	0.796	0.791	0.798	0.791	0.79	0.795	0.154	0.766	0.778	0.772	0.888	0.794	0.788	0.781	0.784	0.782	0.779	0.782	0.153	0.771	0.774	0.775	0.882	0.804	0.794	0.786	0.79	0.783	0.784	0.774	0.155	0.771	0.771	0.773	0.902	0.809	0.808	0.785	0.794	1.092	0.79	0.815	0.156	0.784	0.796	0.777
Plate_1	23	0.83	0.731	0.748	0.747	0.72	0.716	0.71	0.712	0.155	0.75	0.766	0.785	0.825	0.723	0.723	0.731	0.708	0.705	0.707	0.711	0.153	0.716	0.72	0.75	0.836	0.725	0.713	0.734	0.717	0.717	0.711	0.725	0.155	0.714	0.73	0.732	0.92	0.802	0.806	0.808	0.793	0.807	0.795	0.787	0.261	0.782	0.78	0.805	0.895	0.816	0.8	0.794	0.803	0.795	0.793	0.797	0.154	0.767	0.781	0.774	0.9	0.797	0.792	0.785	0.788	0.785	0.782	0.785	0.152	0.772	0.776	0.778	0.886	0.807	0.797	0.789	0.794	0.785	0.787	0.775	0.155	0.771	0.773	0.779	0.907	0.812	0.811	0.787	0.797	1.095	0.794	0.819	0.156	0.784	0.798	0.781
Plate_1	24	0.835	0.736	0.749	0.749	0.723	0.718	0.711	0.71	0.156	0.749	0.766	0.785	0.831	0.726	0.725	0.736	0.711	0.706	0.708	0.712	0.153	0.716	0.718	0.752	0.83	0.729	0.716	0.737	0.721	0.719	0.715	0.727	0.154	0.712	0.731	0.734	0.929	0.806	0.811	0.813	0.796	0.809	0.796	0.789	0.248	0.782	0.782	0.81	0.907	0.819	0.802	0.799	0.805	0.797	0.794	0.8	0.154	0.767	0.784	0.776	0.912	0.801	0.795	0.788	0.79	0.789	0.784	0.782	0.153	0.772	0.778	0.78	0.895	0.811	0.799	0.793	0.797	0.79	0.789	0.778	0.156	0.772	0.776	0.781	0.919	0.816	0.814	0.791	0.802	1.098	0.797	0.822	0.156	0.785	0.802	0.783
Plate_2	0	0.261	0.251	0.24	0.256	0.23	0.223	0.239	0.231	0.243	0.237	0.226	0.22	0.261	0.257	0.27	0.235	0.229	0.224	0.242	0.243	0.236	0.236	0.244	0.249	0.241	0.232	0.261	0.237	0.234	0.214	0.254	0.261	0.238	0.233	0.239	0.246	0.233	0.234	0.233	0.23	0.214	0.216	0.234	0.222	0.214	0.238	0.228	0.221	0.237	0.248	0.248	0.232	0.217	0.207	0.245	0.232	0.242	0.213	0.223	0.243	0.248	0.245	0.24	0.243	0.239	0.21	0.244	0.244	0.249	0.229	0.247	0.242	0.232	0.236	0.225	0.227	0.227	0.198	0.231	0.224	0.214	0.215	0.234	0.225	0.226	0.221	0.236	0.238	0.202	0.195	0.226	0.229	0.221	0.222	0.222	0.222
Plate_2	1	0.378	0.352	0.325	0.385	0.311	0.287	0.371	0.34	0.325	0.283	0.32	0.302	0.369	0.353	0.392	0.326	0.311	0.293	0.358	0.361	0.34	0.301	0.363	0.384	0.32	0.292	0.374	0.307	0.296	0.257	0.372	0.387	0.336	0.284	0.32	0.353	0.301	0.288	0.303	0.31	0.267	0.258	0.307	0.29	0.266	0.299	0.325	0.308	0.308	0.329	0.341	0.31	0.266	0.234	0.337	0.312	0.329	0.252	0.296	0.349	0.331	0.317	0.34	0.379	0.3	0.232	0.345	0.335	0.358	0.272	0.364	0.344	0.304	0.299	0.3	0.281	0.27	0.22	0.332	0.297	0.277	0.26	0.319	0.315	0.29	0.3	0.335	0.342	0.236	0.219	0.341	0.32	0.303	0.264	0.292	0.305
Plate_2	2	0.523	0.517	0.469	0.559	0.475	0.395	0.536	0.493	0.467	0.385	0.474	0.438	0.515	0.526	0.569	0.473	0.488	0.421	0.53	0.537	0.494	0.424	0.524	0.548	0.474	0.461	0.537	0.46	0.451	0.353	0.524	0.566	0.495	0.385	0.486	0.514	0.445	0.433	0.495	0.475	0.426	0.376	0.459	0.446	0.406	0.428	0.496	0.482	0.442	0.49	0.5	0.466	0.395	0.301	0.498	0.481	0.48	0.336	0.467	0.536	0.466	0.46	0.515	0.532	0.468	0.278	0.509	0.514	0.526	0.366	0.526	0.522	0.448	0.43	0.475	0.468	0.404	0.261	0.52	0.481	0.444	0.356	0.497	0.491	0.426	0.461	0.529	0.546	0.365	0.284	0.574	0.49	0.483	0.358	0.466	0.473
Plate_2	3	0.614	0.613	0.564	0.671	0.582	0.468	0.64	0.582	0.552	0.466	0.554	0.544	0.603	0.621	0.64	0.569	0.603	0.497	0.631	0.637	0.588	0.515	0.629	0.652	0.567	0.556	0.637	0.558	0.569	0.433	0.634	0.662	0.6	0.48	0.589	0.63	0.539	0.535	0.595	0.574	0.545	0.458	0.55	0.54	0.511	0.512	0.593	0.588	0.526	0.589	0.606	0.57	0.51	0.387	0.606	0.583	0.574	0.43	0.567	0.623	0.552	0.558	0.599	0.626	0.572	0.358	0.607	0.61	0.627	0.458	0.623	0.622	0.53	0.532	0.564	0.59	0.516	0.331	0.626	0.575	0.542	0.453	0.58	0.58	0.509	0.553	0.608	0.655	0.472	0.373	0.673	0.557	0.569	0.454	0.553	0.565
Plate_2	4	0.686	0.692	0.648	0.729	0.648	0.518	0.741	0.654	0.634	0.549	0.625	0.639	0.676	0.697	0.708	0.662	0.671	0.552	0.711	0.716	0.683	0.605	0.695	0.714	0.651	0.642	0.714	0.654	0.632	0.5	0.721	0.73	0.688	0.574	0.673	0.695	0.62	0.641	0.684	0.665	0.638	0.516	0.644	0.62	0.588	0.609	0.668	0.664	0.607	0.671	0.672	0.664	0.578	0.462	0.693	0.662	0.674	0.517	0.647	0.684	0.628	0.646	0.678	0.706	0.629	0.406	0.697	0.673	0.7	0.528	0.695	0.69	0.605	0.624	0.635	0.7	0.588	0.404	0.732	0.655	0.621	0.537	0.659	0.646	0.59	0.644	0.68	0.761	0.554	0.428	0.736	0.631	0.63	0.537	0.62	0.642
Plate_2	5	0.707	0.72	0.712	0.727	0.683	0.589	0.75	0.694	0.687	0.648	0.662	0.662	0.699	0.717	0.729	0.709	0.701	0.631	0.718	0.727	0.708	0.688	0.72	0.709	0.688	0.703	0.751	0.71	0.673	0.583	0.72	0.759	0.743	0.663	0.711	0.692	0.663	0.699	0.722	0.717	0.674	0.584	0.706	0.687	0.658	0.69	0.704	0.704	0.66	0.713	0.725	0.721	0.624	0.525	0.721	0.735	0.729	0.591	0.707	0.705	0.669	0.698	0.718	0.738	0.666	0.472	0.725	0.727	0.742	0.607	0.722	0.71	0.653	0.682	0.689	0.761	0.622	0.47	0.761	0.709	0.691	0.607	0.706	0.684	0.643	0.701	0.721	0.771	0.603	0.484	0.753	0.666	0.681	0.62	0.678	0.686
Plate_2	6	0.716	0.729	0.717	0.733	0.703	0.632	0.744	0.685	0.694	0.677	0.654	0.666	0.705	0.72	0.725	0.718	0.708	0.672	0.722	0.724	0.709	0.699	0.71	0.718	0.695	0.712	0.744	0.715	0.694	0.64	0.722	0.755	0.748	0.68	0.697	0.692	0.669	0.698	0.722	0.717	0.697	0.64	0.702	0.704	0.706	0.707	0.701	0.685	0.67	0.721	0.717	0.717	0.658	0.587	0.724	0.732	0.73	0.651	0.709	0.689	0.676	0.7	0.712	0.73	0.68	0.539	0.733	0.728	0.742	0.668	0.71	0.695	0.664	0.692	0.688	0.756	0.657	0.544	0.723	0.702	0.72	0.639	0.708	0.684	0.661	0.697	0.708	0.762	0.643	0.531	0.74	0.671	0.704	0.663	0.675	0.682
Plate_2	7	0.734	0.749	0.722	0.755	0.714	0.652	0.751	0.697	0.696	0.688	0.66	0.678	0.72	0.739	0.736	0.738	0.714	0.689	0.738	0.734	0.715	0.709	0.712	0.727	0.708	0.725	0.756	0.729	0.699	0.664	0.736	0.763	0.751	0.692	0.706	0.703	0.686	0.714	0.732	0.724	0.705	0.672	0.722	0.712	0.704	0.718	0.709	0.708	0.691	0.74	0.726	0.731	0.683	0.632	0.729	0.724	0.731	0.662	0.709	0.688	0.702	0.722	0.725	0.748	0.696	0.592	0.744	0.731	0.744	0.676	0.719	0.7	0.684	0.709	0.693	0.757	0.672	0.598	0.741	0.713	0.727	0.647	0.711	0.689	0.677	0.713	0.72	0.769	0.664	0.576	0.746	0.685	0.714	0.671	0.683	0.694
Plate_2	8	0.756	0.766	0.735	0.775	0.724	0.667	0.754	0.706	0.7	0.705	0.675	0.69	0.738	0.756	0.751	0.758	0.731	0.709	0.75	0.748	0.727	0.722	0.722	0.737	0.723	0.74	0.77	0.749	0.711	0.678	0.75	0.781	0.758	0.706	0.716	0.717	0.702	0.73	0.745	0.738	0.71	0.688	0.74	0.725	0.712	0.728	0.717	0.72	0.708	0.759	0.737	0.751	0.697	0.644	0.745	0.737	0.734	0.672	0.717	0.7	0.719	0.74	0.734	0.764	0.707	0.616	0.762	0.757	0.753	0.685	0.728	0.713	0.701	0.727	0.706	0.77	0.679	0.622	0.743	0.733	0.73	0.654	0.715	0.701	0.698	0.729	0.732	0.773	0.672	0.596	0.758	0.704	0.713	0.689	0.698	0.706
Plate_2	9	0.764	0.775	0.75	0.779	0.733	0.685	0.757	0.709	0.706	0.718	0.682	0.701	0.747	0.767	0.757	0.773	0.74	0.724	0.759	0.76	0.741	0.734	0.738	0.747	0.734	0.749	0.783	0.76	0.72	0.694	0.756	0.791	0.763	0.717	0.725	0.727	0.713	0.744	0.749	0.744	0.72	0.706	0.761	0.747	0.726	0.739	0.73	0.737	0.719	0.77	0.746	0.762	0.71	0.663	0.759	0.75	0.736	0.681	0.734	0.71	0.732	0.751	0.746	0.778	0.712	0.632	0.776	0.758	0.761	0.695	0.74	0.718	0.715	0.74	0.717	0.775	0.684	0.635	0.749	0.744	0.738	0.661	0.727	0.709	0.709	0.738	0.739	0.78	0.678	0.61	0.763	0.713	0.719	0.691	0.707	0.716
Plate_2	10	0.772	0.778	0.757	0.791	0.738	0.695	0.753	0.715	0.707	0.723	0.688	0.709	0.753	0.773	0.76	0.777	0.749	0.734	0.762	0.766	0.745	0.737	0.744	0.753	0.743	0.756	0.789	0.763	0.728	0.709	0.76	0.791	0.766	0.722	0.73	0.733	0.72	0.75	0.752	0.752	0.728	0.719	0.768	0.75	0.735	0.74	0.73	0.74	0.731	0.777	0.756	0.772	0.719	0.677	0.766	0.761	0.739	0.684	0.74	0.717	0.741	0.76	0.752	0.789	0.722	0.647	0.789	0.769	0.765	0.701	0.744	0.722	0.72	0.748	0.725	0.777	0.694	0.649	0.752	0.754	0.742	0.666	0.73	0.714	0.721	0.746	0.743	0.786	0.686	0.623	0.768	0.724	0.724	0.695	0.712	0.719
Plate_2	11	0.773	0.779	0.758	0.793	0.741	0.704	0.756	0.718	0.709	0.723	0.691	0.711	0.755	0.779	0.764	0.787	0.753	0.744	0.768	0.769	0.746	0.735	0.746	0.755	0.744	0.758	0.791	0.767	0.734	0.72	0.762	0.794	0.768	0.725	0.733	0.735	0.724	0.755	0.757	0.759	0.736	0.731	0.781	0.756	0.743	0.739	0.737	0.746	0.737	0.778	0.76	0.778	0.728	0.688	0.772	0.763	0.744	0.685	0.74	0.717	0.742	0.763	0.754	0.79	0.726	0.662	0.795	0.774	0.773	0.705	0.744	0.724	0.723	0.749	0.732	0.783	0.702	0.659	0.758	0.763	0.75	0.666	0.737	0.712	0.721	0.751	0.743	0.783	0.695	0.633	0.773	0.729	0.729	0.696	0.713	0.717
Plate_2	12	0.77	0.777	0.758	0.79	0.747	0.708	0.756	0.719	0.713	0.719	0.694	0.716	0.755	0.772	0.764	0.789	0.756	0.746	0.765	0.762	0.747	0.731	0.744	0.756	0.743	0.758	0.792	0.766	0.735	0.729	0.76	0.79	0.768	0.723	0.734	0.738	0.723	0.751	0.756	0.756	0.741	0.738	0.786	0.749	0.748	0.736	0.732	0.748	0.736	0.778	0.761	0.782	0.733	0.694	0.771	0.761	0.743	0.688	0.741	0.718	0.742	0.762	0.754	0.788	0.73	0.67	0.791	0.774	0.765	0.705	0.74	0.722	0.724	0.747	0.732	0.781	0.705	0.671	0.762	0.763	0.75	0.668	0.737	0.713	0.718	0.751	0.743	0.779	0.7	0.639	0.772	0.729	0.724	0.697	0.714	0.715
Plate_2	13	0.764	0.769	0.756	0.782	0.748	0.709	0.754	0.718	0.711	0.714	0.689	0.715	0.752	0.77	0.762	0.785	0.755	0.748	0.767	0.755	0.74	0.728	0.739	0.755	0.741	0.753	0.783	0.765	0.736	0.734	0.761	0.785	0.768	0.72	0.73	0.738	0.722	0.749	0.75	0.756	0.74	0.742	0.78	0.748	0.746	0.733	0.732	0.749	0.734	0.776	0.758	0.778	0.738	0.699	0.769	0.756	0.739	0.689	0.742	0.714	0.741	0.759	0.748	0.788	0.731	0.677	0.788	0.772	0.762	0.705	0.743	0.72	0.721	0.745	0.727	0.778	0.709	0.678	0.764	0.756	0.75	0.67	0.734	0.711	0.718	0.749	0.74	0.778	0.704	0.644	0.775	0.728	0.722	0.695	0.712	0.717
Plate_2	14	0.755	0.762	0.748	0.779	0.744	0.706	0.747	0.714	0.705	0.71	0.685	0.711	0.747	0.765	0.755	0.784	0.75	0.748	0.756	0.752	0.737	0.724	0.738	0.747	0.738	0.747	0.779	0.76	0.731	0.733	0.755	0.777	0.758	0.717	0.728	0.731	0.72	0.746	0.745	0.751	0.737	0.746	0.773	0.742	0.732	0.731	0.725	0.742	0.729	0.773	0.756	0.77	0.736	0.701	0.765	0.752	0.733	0.69	0.737	0.711	0.738	0.757	0.743	0.783	0.732	0.68	0.783	0.762	0.758	0.704	0.738	0.717	0.718	0.743	0.723	0.777	0.711	0.683	0.762	0.751	0.744	0.669	0.728	0.706	0.714	0.747	0.732	0.772	0.705	0.647	0.774	0.719	0.716	0.693	0.705	0.707
Plate_2	15	0.749	0.758	0.744	0.773	0.738	0.705	0.744	0.711	0.705	0.705	0.681	0.711	0.743	0.761	0.75	0.779	0.749	0.746	0.753	0.75	0.731	0.72	0.733	0.744	0.731	0.74	0.774	0.756	0.727	0.732	0.748	0.77	0.752	0.715	0.724	0.729	0.715	0.742	0.742	0.748	0.736	0.746	0.769	0.737	0.731	0.724	0.718	0.738	0.724	0.771	0.75	0.772	0.734	0.703	0.759	0.747	0.731	0.689	0.735	0.707	0.733	0.753	0.738	0.781	0.729	0.68	0.778	0.757	0.751	0.703	0.733	0.712	0.715	0.741	0.72	0.774	0.711	0.686	0.759	0.745	0.747	0.669	0.72	0.7	0.709	0.744	0.728	0.766	0.705	0.647	0.768	0.716	0.711	0.692	0.697	0.701
Plate_2	16	0.743	0.756	0.743	0.769	0.737	0.702	0.744	0.712	0.707	0.702	0.683	0.712	0.739	0.759	0.748	0.775	0.746	0.742	0.754	0.75	0.736	0.717	0.733	0.746	0.728	0.737	0.768	0.753	0.728	0.73	0.747	0.769	0.751	0.712	0.719	0.725	0.711	0.738	0.738	0.742	0.733	0.744	0.763	0.738	0.734	0.721	0.713	0.741	0.723	0.767	0.746	0.769	0.734	0.703	0.761	0.746	0.729	0.689	0.729	0.703	0.729	0.751	0.733	0.775	0.729	0.679	0.774	0.751	0.747	0.701	0.729	0.707	0.712	0.738	0.713	0.77	0.712	0.687	0.755	0.743	0.738	0.67	0.719	0.698	0.705	0.741	0.721	0.763	0.703	0.646	0.763	0.709	0.705	0.691	0.694	0.696
Plate_2	17	0.741	0.754	0.74	0.766	0.735	0.697	0.741	0.709	0.705	0.7	0.68	0.712	0.735	0.758	0.744	0.772	0.742	0.739	0.752	0.746	0.732	0.714	0.726	0.743	0.722	0.735	0.766	0.749	0.728	0.726	0.742	0.769	0.747	0.709	0.714	0.722	0.706	0.735	0.733	0.736	0.731	0.742	0.759	0.734	0.729	0.718	0.71	0.74	0.72	0.764	0.741	0.765	0.734	0.704	0.757	0.742	0.726	0.689	0.726	0.703	0.723	0.748	0.728	0.772	0.727	0.677	0.768	0.744	0.744	0.698	0.724	0.704	0.712	0.737	0.709	0.763	0.711	0.687	0.753	0.739	0.73	0.67	0.713	0.693	0.703	0.74	0.718	0.759	0.702	0.642	0.76	0.705	0.7	0.691	0.688	0.693
Plate_2	18	0.735	0.75	0.739	0.767	0.733	0.691	0.74	0.706	0.705	0.698	0.681	0.71	0.733	0.753	0.735	0.766	0.737	0.731	0.75	0.743	0.731	0.711	0.724	0.743	0.719	0.732	0.761	0.746	0.725	0.723	0.739	0.762	0.746	0.707	0.713	0.72	0.703	0.731	0.727	0.73	0.727	0.733	0.755	0.73	0.725	0.715	0.705	0.738	0.717	0.761	0.735	0.76	0.73	0.7	0.752	0.738	0.724	0.687	0.723	0.705	0.721	0.747	0.725	0.766	0.723	0.671	0.764	0.742	0.737	0.695	0.722	0.701	0.708	0.737	0.706	0.758	0.708	0.684	0.747	0.731	0.721	0.67	0.709	0.691	0.699	0.739	0.715	0.757	0.7	0.638	0.757	0.702	0.695	0.69	0.69	0.689
Plate_2	19	0.73	0.749	0.733	0.758	0.732	0.687	0.739	0.709	0.701	0.697	0.679	0.709	0.73	0.75	0.732	0.762	0.735	0.724	0.752	0.74	0.726	0.709	0.719	0.741	0.718	0.73	0.757	0.744	0.724	0.717	0.737	0.76	0.742	0.705	0.711	0.717	0.702	0.73	0.723	0.727	0.722	0.729	0.75	0.724	0.72	0.713	0.701	0.734	0.715	0.76	0.732	0.757	0.726	0.698	0.752	0.735	0.72	0.685	0.718	0.704	0.72	0.746	0.722	0.764	0.719	0.666	0.759	0.739	0.732	0.692	0.719	0.698	0.713	0.736	0.704	0.755	0.706	0.681	0.741	0.728	0.716	0.67	0.705	0.693	0.698	0.74	0.713	0.753	0.697	0.633	0.754	0.699	0.691	0.688	0.686	0.688
Plate_2	20	0.729	0.747	0.729	0.75	0.728	0.68	0.738	0.708	0.7	0.696	0.679	0.71	0.729	0.748	0.729	0.76	0.73	0.715	0.749	0.737	0.726	0.707	0.721	0.743	0.718	0.727	0.751	0.739	0.718	0.71	0.733	0.753	0.74	0.704	0.706	0.719	0.703	0.727	0.714	0.72	0.715	0.721	0.745	0.723	0.72	0.712	0.697	0.73	0.716	0.759	0.729	0.753	0.721	0.693	0.748	0.734	0.717	0.684	0.713	0.703	0.72	0.744	0.718	0.761	0.714	0.66	0.754	0.729	0.73	0.692	0.715	0.698	0.71	0.736	0.701	0.751	0.704	0.674	0.739	0.723	0.715	0.67	0.704	0.694	0.699	0.741	0.712	0.749	0.694	0.627	0.748	0.698	0.687	0.687	0.687	0.686
Plate_2	21	0.729	0.741	0.728	0.749	0.723	0.671	0.739	0.708	0.699	0.694	0.679	0.714	0.73	0.746	0.729	0.753	0.727	0.706	0.744	0.734	0.726	0.706	0.717	0.744	0.72	0.729	0.747	0.736	0.715	0.703	0.73	0.748	0.736	0.703	0.707	0.719	0.701	0.728	0.713	0.718	0.714	0.714	0.741	0.718	0.714	0.709	0.695	0.73	0.718	0.758	0.727	0.751	0.714	0.688	0.744	0.729	0.714	0.683	0.709	0.704	0.723	0.744	0.716	0.76	0.709	0.654	0.751	0.727	0.729	0.688	0.713	0.698	0.712	0.736	0.699	0.746	0.701	0.669	0.735	0.722	0.709	0.669	0.702	0.692	0.699	0.74	0.711	0.75	0.692	0.622	0.744	0.696	0.683	0.686	0.686	0.686
Plate_2	22	0.725	0.741	0.727	0.745	0.719	0.668	0.741	0.709	0.702	0.694	0.681	0.716	0.731	0.745	0.729	0.751	0.723	0.697	0.742	0.733	0.72	0.706	0.716	0.74	0.721	0.728	0.743	0.732	0.71	0.696	0.727	0.747	0.732	0.703	0.708	0.72	0.705	0.727	0.712	0.716	0.709	0.706	0.739	0.715	0.712	0.708	0.694	0.731	0.718	0.758	0.725	0.749	0.708	0.682	0.742	0.726	0.715	0.681	0.708	0.706	0.724	0.744	0.714	0.76	0.703	0.649	0.749	0.725	0.724	0.688	0.712	0.699	0.716	0.737	0.698	0.742	0.7	0.663	0.734	0.719	0.707	0.67	0.703	0.693	0.701	0.743	0.711	0.75	0.686	0.618	0.745	0.696	0.683	0.686	0.687	0.683
Plate_2	23	0.726	0.746	0.725	0.742	0.716	0.661	0.742	0.71	0.703	0.697	0.679	0.719	0.731	0.747	0.73	0.749	0.717	0.691	0.747	0.731	0.718	0.706	0.716	0.739	0.72	0.729	0.741	0.729	0.706	0.688	0.723	0.746	0.732	0.703	0.707	0.721	0.705	0.727	0.71	0.714	0.7	0.698	0.735	0.712	0.708	0.707	0.693	0.728	0.717	0.758	0.722	0.747	0.704	0.676	0.736	0.725	0.712	0.68	0.705	0.708	0.725	0.744	0.713	0.761	0.697	0.645	0.745	0.723	0.718	0.687	0.711	0.701	0.718	0.738	0.698	0.743	0.699	0.657	0.728	0.715	0.705	0.67	0.702	0.695	0.702	0.745	0.712	0.749	0.682	0.613	0.743	0.696	0.682	0.686	0.69	0.683
Plate_2	24	0.723	0.744	0.72	0.735	0.712	0.658	0.741	0.71	0.705	0.698	0.683	0.72	0.733	0.749	0.732	0.745	0.712	0.682	0.743	0.729	0.715	0.707	0.716	0.741	0.722	0.728	0.74	0.727	0.701	0.679	0.723	0.749	0.728	0.706	0.706	0.723	0.71	0.728	0.707	0.716	0.697	0.689	0.732	0.708	0.705	0.709	0.691	0.728	0.722	0.761	0.722	0.745	0.697	0.668	0.735	0.72	0.709	0.679	0.702	0.709	0.729	0.748	0.714	0.763	0.694	0.643	0.741	0.722	0.718	0.686	0.71	0.702	0.72	0.742	0.698	0.745	0.697	0.651	0.726	0.714	0.703	0.67	0.703	0.696	0.704	0.748	0.713	0.75	0.679	0.612	0.743	0.697	0.68	0.688	0.689	0.686
Plate_3	0	0.223	0.21	0.213	0.217	0.23	0.219	0.213	0.224	0.219	0.209	0.211	0.227	0.225	0.234	0.223	0.214	0.22	0.215	0.218	0.212	0.214	0.215	0.213	0.245	0.245	0.232	0.239	0.229	0.234	0.215	0.238	0.227	0.214	0.221	0.22	0.222	0.225	0.231	0.221	0.214	0.219	0.218	0.225	0.214	0.218	0.222	0.222	0.229	0.223	0.212	0.207	0.195	0.221	0.207	0.209	0.208	0.201	0.214	0.19	0.218	0.229	0.225	0.211	0.213	0.229	0.221	0.234	0.223	0.215	0.229	0.206	0.221	0.199	0.187	0.196	0.186	0.181	0.181	0.188	0.19	0.183	0.169	0.172	0.175	0.208	0.205	0.196	0.191	0.199	0.193	0.189	0.193	0.198	0.192	0.179	0.194
Plate_3	1	0.273	0.262	0.251	0.246	0.291	0.276	0.272	0.288	0.297	0.26	0.264	0.335	0.28	0.31	0.271	0.243	0.277	0.276	0.278	0.27	0.279	0.277	0.261	0.369	0.324	0.303	0.28	0.261	0.296	0.274	0.32	0.296	0.28	0.297	0.279	0.316	0.284	0.297	0.258	0.236	0.267	0.276	0.292	0.275	0.297	0.286	0.263	0.321	0.264	0.26	0.225	0.207	0.261	0.255	0.262	0.257	0.242	0.26	0.211	0.277	0.285	0.281	0.236	0.348	0.27	0.288	0.303	0.294	0.279	0.316	0.234	0.306	0.217	0.201	0.207	0.195	0.191	0.194	0.202	0.208	0.202	0.178	0.179	0.197	0.239	0.238	0.216	0.205	0.237	0.223	0.224	0.228	0.228	0.224	0.195	0.232
Plate_3	2	0.402	0.388	0.39	0.341	0.459	0.456	0.454	0.487	0.496	0.434	0.391	0.505	0.398	0.472	0.393	0.316	0.391	0.418	0.443	0.439	0.446	0.435	0.381	0.534	0.466	0.469	0.413	0.363	0.461	0.444	0.512	0.482	0.469	0.488	0.428	0.498	0.422	0.449	0.351	0.31	0.385	0.441	0.475	0.483	0.466	0.493	0.381	0.5	0.354	0.392	0.279	0.244	0.372	0.41	0.439	0.441	0.38	0.429	0.25	0.472	0.417	0.429	0.325	0.31	0.434	0.513	0.528	0.522	0.483	0.516	0.287	0.518	0.258	0.227	0.239	0.217	0.211	0.231	0.237	0.265	0.271	0.204	0.192	0.247	0.318	0.344	0.276	0.241	0.348	0.323	0.352	0.374	0.352	0.339	0.223	0.359
Plate_3	3	0.492	0.473	0.491	0.448	0.556	0.551	0.529	0.564	0.564	0.501	0.481	0.568	0.48	0.538	0.483	0.389	0.469	0.499	0.523	0.527	0.515	0.508	0.475	0.613	0.551	0.562	0.516	0.451	0.547	0.535	0.607	0.582	0.569	0.571	0.525	0.575	0.502	0.532	0.445	0.397	0.468	0.534	0.559	0.611	0.551	0.591	0.49	0.567	0.441	0.49	0.354	0.315	0.447	0.526	0.509	0.572	0.502	0.53	0.303	0.547	0.494	0.521	0.46	0.407	0.552	0.641	0.638	0.634	0.585	0.604	0.351	0.6	0.332	0.302	0.347	0.27	0.279	0.337	0.358	0.363	0.379	0.264	0.211	0.314	0.406	0.434	0.377	0.314	0.439	0.443	0.496	0.532	0.49	0.438	0.263	0.475
Plate_3	4	0.56	0.561	0.575	0.507	0.621	0.609	0.605	0.636	0.631	0.558	0.547	0.657	0.538	0.622	0.565	0.454	0.543	0.57	0.588	0.585	0.561	0.577	0.537	0.69	0.611	0.639	0.597	0.525	0.633	0.608	0.68	0.646	0.622	0.631	0.594	0.657	0.567	0.61	0.521	0.463	0.552	0.604	0.63	0.707	0.619	0.655	0.55	0.65	0.492	0.557	0.415	0.394	0.516	0.579	0.578	0.676	0.598	0.591	0.371	0.608	0.55	0.596	0.543	0.5	0.641	0.729	0.727	0.711	0.667	0.678	0.417	0.675	0.4	0.383	0.439	0.352	0.356	0.412	0.43	0.425	0.478	0.319	0.244	0.363	0.462	0.48	0.447	0.38	0.501	0.501	0.587	0.636	0.577	0.486	0.325	0.527
Plate_3	5	0.623	0.637	0.627	0.589	0.66	0.652	0.664	0.676	0.654	0.609	0.605	0.683	0.614	0.68	0.642	0.537	0.62	0.643	0.656	0.645	0.613	0.638	0.6	0.7	0.673	0.69	0.677	0.614	0.685	0.672	0.749	0.699	0.681	0.666	0.642	0.676	0.632	0.677	0.606	0.55	0.645	0.681	0.689	0.759	0.678	0.676	0.613	0.686	0.576	0.622	0.494	0.465	0.615	0.645	0.633	0.725	0.63	0.643	0.444	0.65	0.62	0.663	0.629	0.571	0.697	0.761	0.763	0.761	0.694	0.702	0.488	0.681	0.462	0.455	0.502	0.431	0.414	0.469	0.486	0.541	0.558	0.37	0.3	0.418	0.532	0.559	0.512	0.445	0.577	0.545	0.628	0.667	0.619	0.547	0.397	0.591
Plate_3	6	0.655	0.663	0.652	0.617	0.671	0.67	0.689	0.675	0.67	0.633	0.634	0.677	0.65	0.681	0.67	0.603	0.647	0.661	0.676	0.662	0.648	0.644	0.632	0.702	0.672	0.688	0.69	0.666	0.696	0.68	0.795	0.721	0.689	0.692	0.663	0.667	0.656	0.68	0.667	0.636	0.679	0.685	0.707	0.774	0.704	0.678	0.642	0.68	0.632	0.649	0.59	0.543	0.659	0.684	0.685	0.782	0.643	0.685	0.515	0.663	0.648	0.675	0.672	0.643	0.706	0.754	0.778	0.773	0.701	0.715	0.548	0.672	0.535	0.538	0.588	0.5	0.493	0.544	0.57	0.617	0.6	0.437	0.369	0.499	0.601	0.607	0.576	0.514	0.633	0.608	0.679	0.705	0.624	0.599	0.474	0.635
Plate_3	7	0.668	0.669	0.672	0.649	0.685	0.676	0.69	0.688	0.679	0.642	0.648	0.692	0.663	0.691	0.694	0.649	0.664	0.672	0.684	0.673	0.657	0.663	0.646	0.724	0.681	0.694	0.703	0.697	0.708	0.684	0.825	0.705	0.692	0.677	0.67	0.683	0.662	0.689	0.694	0.676	0.688	0.693	0.696	0.756	0.706	0.679	0.651	0.692	0.644	0.654	0.643	0.615	0.674	0.681	0.692	0.75	0.648	0.67	0.568	0.657	0.651	0.672	0.693	0.692	0.708	0.728	0.74	0.751	0.682	0.695	0.579	0.671	0.588	0.596	0.629	0.567	0.575	0.591	0.625	0.644	0.63	0.521	0.456	0.569	0.623	0.62	0.621	0.577	0.65	0.629	0.67	0.672	0.644	0.609	0.535	0.639
Plate_3	8	0.689	0.688	0.699	0.683	0.706	0.693	0.706	0.703	0.703	0.669	0.67	0.708	0.683	0.713	0.72	0.687	0.69	0.691	0.706	0.695	0.679	0.681	0.666	0.738	0.7	0.712	0.728	0.729	0.728	0.704	0.859	0.713	0.699	0.688	0.688	0.701	0.682	0.707	0.724	0.715	0.711	0.718	0.718	0.743	0.723	0.691	0.667	0.7	0.668	0.672	0.679	0.661	0.701	0.7	0.707	0.74	0.661	0.676	0.585	0.671	0.67	0.688	0.724	0.733	0.726	0.731	0.739	0.736	0.687	0.703	0.597	0.682	0.612	0.62	0.66	0.622	0.61	0.609	0.641	0.622	0.641	0.581	0.524	0.6	0.642	0.644	0.653	0.616	0.666	0.641	0.68	0.674	0.654	0.628	0.563	0.655
Plate_3	9	0.706	0.7	0.713	0.704	0.724	0.706	0.717	0.709	0.709	0.68	0.684	0.715	0.697	0.723	0.738	0.713	0.711	0.703	0.724	0.7	0.691	0.696	0.681	0.746	0.712	0.721	0.744	0.755	0.744	0.718	0.877	0.723	0.705	0.698	0.704	0.716	0.696	0.721	0.742	0.744	0.731	0.726	0.727	0.739	0.749	0.705	0.683	0.718	0.681	0.681	0.708	0.689	0.729	0.716	0.719	0.732	0.668	0.687	0.602	0.681	0.683	0.697	0.745	0.757	0.749	0.74	0.742	0.733	0.697	0.711	0.615	0.698	0.631	0.636	0.686	0.65	0.639	0.62	0.657	0.636	0.648	0.613	0.55	0.626	0.659	0.664	0.68	0.645	0.687	0.656	0.686	0.684	0.667	0.645	0.582	0.667
Plate_3	10	0.72	0.712	0.726	0.718	0.737	0.716	0.717	0.711	0.715	0.692	0.698	0.722	0.709	0.733	0.746	0.735	0.726	0.72	0.732	0.706	0.703	0.71	0.695	0.759	0.723	0.73	0.754	0.776	0.756	0.73	0.908	0.73	0.715	0.714	0.718	0.725	0.71	0.732	0.757	0.766	0.754	0.745	0.739	0.746	0.771	0.713	0.698	0.73	0.694	0.695	0.732	0.715	0.752	0.73	0.715	0.731	0.683	0.697	0.618	0.687	0.695	0.708	0.767	0.778	0.778	0.741	0.745	0.737	0.709	0.721	0.628	0.705	0.65	0.654	0.711	0.675	0.661	0.638	0.677	0.648	0.659	0.635	0.569	0.647	0.675	0.677	0.702	0.669	0.709	0.667	0.692	0.691	0.683	0.656	0.593	0.677
Plate_3	11	0.729	0.723	0.735	0.727	0.749	0.722	0.722	0.717	0.724	0.701	0.709	0.731	0.719	0.738	0.754	0.746	0.742	0.727	0.739	0.715	0.715	0.72	0.706	0.767	0.733	0.737	0.761	0.791	0.768	0.738	0.944	0.739	0.727	0.717	0.73	0.739	0.719	0.744	0.771	0.787	0.772	0.755	0.756	0.752	0.803	0.724	0.711	0.738	0.707	0.709	0.753	0.735	0.78	0.739	0.724	0.735	0.697	0.712	0.63	0.697	0.709	0.719	0.778	0.801	0.794	0.751	0.748	0.746	0.722	0.73	0.639	0.713	0.664	0.669	0.731	0.698	0.685	0.653	0.69	0.664	0.675	0.659	0.584	0.661	0.686	0.689	0.718	0.685	0.731	0.679	0.703	0.699	0.695	0.669	0.606	0.683
Plate_3	12	0.735	0.726	0.736	0.73	0.753	0.726	0.724	0.719	0.725	0.707	0.714	0.736	0.725	0.746	0.756	0.752	0.754	0.731	0.744	0.721	0.722	0.727	0.714	0.771	0.737	0.74	0.763	0.802	0.778	0.742	0.961	0.741	0.735	0.72	0.737	0.738	0.728	0.75	0.778	0.795	0.786	0.754	0.754	0.75	0.815	0.727	0.718	0.746	0.714	0.712	0.765	0.746	0.798	0.748	0.724	0.73	0.706	0.718	0.64	0.704	0.716	0.726	0.783	0.808	0.807	0.756	0.749	0.751	0.727	0.737	0.649	0.72	0.675	0.682	0.739	0.711	0.708	0.664	0.699	0.67	0.684	0.675	0.598	0.674	0.694	0.692	0.724	0.694	0.746	0.689	0.708	0.705	0.699	0.676	0.617	0.689
Plate_3	13	0.734	0.724	0.732	0.727	0.752	0.727	0.724	0.717	0.726	0.708	0.717	0.737	0.729	0.746	0.754	0.75	0.759	0.733	0.743	0.726	0.727	0.729	0.719	0.767	0.736	0.741	0.762	0.801	0.782	0.745	1.003	0.744	0.739	0.727	0.739	0.744	0.73	0.75	0.78	0.8	0.795	0.764	0.758	0.754	0.775	0.727	0.723	0.748	0.72	0.717	0.772	0.751	0.803	0.755	0.728	0.736	0.713	0.722	0.648	0.709	0.722	0.727	0.781	0.811	0.814	0.756	0.75	0.752	0.736	0.739	0.656	0.725	0.683	0.688	0.746	0.721	0.729	0.674	0.706	0.678	0.695	0.683	0.609	0.682	0.701	0.697	0.725	0.698	0.757	0.693	0.711	0.713	0.706	0.683	0.625	0.693
Plate_3	14	0.73	0.72	0.725	0.72	0.75	0.721	0.721	0.718	0.728	0.709	0.716	0.733	0.728	0.744	0.75	0.745	0.76	0.728	0.742	0.726	0.727	0.73	0.721	0.764	0.735	0.736	0.755	0.798	0.785	0.745	1.047	0.743	0.74	0.725	0.74	0.742	0.729	0.751	0.775	0.799	0.804	0.761	0.754	0.75	0.775	0.727	0.725	0.747	0.722	0.718	0.769	0.753	0.81	0.756	0.73	0.736	0.717	0.727	0.654	0.707	0.723	0.726	0.776	0.807	0.817	0.755	0.747	0.751	0.733	0.741	0.66	0.723	0.685	0.692	0.748	0.722	0.742	0.679	0.707	0.684	0.7	0.693	0.618	0.688	0.704	0.697	0.72	0.698	0.76	0.695	0.712	0.713	0.709	0.683	0.632	0.694
Plate_3	15	0.723	0.712	0.716	0.713	0.746	0.718	0.717	0.714	0.723	0.706	0.713	0.732	0.727	0.735	0.742	0.739	0.76	0.727	0.739	0.727	0.724	0.722	0.719	0.764	0.731	0.729	0.747	0.791	0.783	0.746	1.093	0.744	0.738	0.724	0.736	0.739	0.728	0.746	0.773	0.791	0.805	0.759	0.753	0.748	0.773	0.722	0.724	0.744	0.723	0.717	0.767	0.751	0.815	0.755	0.733	0.736	0.719	0.728	0.66	0.707	0.724	0.724	0.771	0.804	0.819	0.755	0.748	0.747	0.736	0.741	0.664	0.72	0.69	0.693	0.743	0.723	0.753	0.681	0.711	0.687	0.704	0.7	0.628	0.69	0.704	0.696	0.715	0.695	0.763	0.696	0.71	0.714	0.71	0.683	0.639	0.694
Plate_3	16	0.716	0.704	0.707	0.706	0.739	0.71	0.712	0.708	0.713	0.7	0.708	0.728	0.723	0.728	0.734	0.729	0.759	0.721	0.732	0.723	0.719	0.717	0.715	0.758	0.725	0.72	0.739	0.78	0.777	0.743	1.124	0.74	0.738	0.717	0.733	0.738	0.724	0.744	0.762	0.785	0.803	0.755	0.747	0.745	0.768	0.717	0.723	0.74	0.721	0.712	0.755	0.744	0.816	0.753	0.727	0.733	0.72	0.725	0.663	0.704	0.722	0.716	0.758	0.792	0.811	0.75	0.746	0.747	0.734	0.737	0.665	0.715	0.688	0.693	0.736	0.719	0.756	0.683	0.71	0.689	0.709	0.705	0.633	0.691	0.704	0.693	0.705	0.692	0.764	0.69	0.709	0.713	0.708	0.677	0.642	0.689
Plate_3	17	0.711	0.696	0.698	0.697	0.731	0.702	0.706	0.699	0.707	0.695	0.701	0.727	0.719	0.721	0.727	0.72	0.756	0.717	0.729	0.715	0.714	0.713	0.711	0.755	0.723	0.713	0.729	0.766	0.774	0.738	1.16	0.739	0.731	0.718	0.728	0.733	0.719	0.737	0.756	0.772	0.803	0.749	0.742	0.742	0.763	0.714	0.718	0.735	0.718	0.709	0.745	0.735	0.81	0.748	0.723	0.733	0.718	0.721	0.663	0.699	0.719	0.712	0.745	0.781	0.806	0.745	0.741	0.744	0.73	0.735	0.663	0.711	0.689	0.692	0.726	0.713	0.759	0.683	0.71	0.686	0.708	0.702	0.636	0.689	0.702	0.689	0.695	0.688	0.761	0.687	0.707	0.709	0.705	0.674	0.642	0.685
Plate_3	18	0.706	0.689	0.687	0.689	0.728	0.694	0.699	0.695	0.703	0.689	0.696	0.722	0.715	0.715	0.717	0.71	0.752	0.711	0.726	0.713	0.709	0.71	0.708	0.745	0.717	0.707	0.721	0.75	0.768	0.732	1.199	0.736	0.732	0.713	0.723	0.73	0.714	0.731	0.746	0.763	0.8	0.747	0.739	0.738	0.759	0.71	0.715	0.732	0.715	0.703	0.737	0.725	0.808	0.742	0.72	0.729	0.716	0.718	0.663	0.693	0.716	0.708	0.73	0.775	0.803	0.739	0.736	0.737	0.726	0.729	0.662	0.706	0.693	0.688	0.718	0.709	0.76	0.68	0.704	0.687	0.706	0.703	0.638	0.685	0.704	0.685	0.686	0.683	0.76	0.684	0.704	0.706	0.7	0.669	0.644	0.681
Plate_3	19	0.702	0.683	0.68	0.68	0.721	0.686	0.694	0.69	0.699	0.684	0.695	0.716	0.712	0.711	0.709	0.699	0.747	0.704	0.72	0.707	0.705	0.703	0.702	0.744	0.714	0.701	0.711	0.737	0.765	0.726	1.213	0.728	0.726	0.707	0.716	0.726	0.713	0.726	0.74	0.75	0.793	0.741	0.735	0.735	0.755	0.706	0.709	0.728	0.711	0.699	0.724	0.712	0.802	0.738	0.716	0.725	0.713	0.713	0.66	0.69	0.713	0.702	0.715	0.76	0.798	0.732	0.731	0.736	0.724	0.723	0.659	0.702	0.693	0.684	0.707	0.7	0.761	0.678	0.701	0.685	0.703	0.699	0.639	0.682	0.7	0.682	0.679	0.677	0.758	0.68	0.702	0.703	0.698	0.666	0.645	0.679
Plate_3	20	0.688	0.679	0.675	0.672	0.717	0.684	0.69	0.686	0.696	0.679	0.689	0.715	0.709	0.708	0.703	0.688	0.738	0.699	0.715	0.702	0.698	0.697	0.699	0.737	0.714	0.695	0.703	0.718	0.756	0.721	1.218	0.723	0.718	0.702	0.715	0.725	0.71	0.722	0.731	0.734	0.787	0.732	0.729	0.728	0.748	0.698	0.71	0.727	0.708	0.693	0.707	0.699	0.796	0.734	0.71	0.72	0.71	0.709	0.658	0.688	0.71	0.699	0.701	0.742	0.793	0.724	0.723	0.73	0.718	0.718	0.655	0.699	0.691	0.68	0.698	0.691	0.761	0.673	0.695	0.683	0.7	0.694	0.637	0.683	0.697	0.68	0.674	0.67	0.755	0.673	0.698	0.699	0.692	0.66	0.641	0.675
Plate_3	21	0.691	0.678	0.672	0.665	0.713	0.68	0.689	0.687	0.693	0.679	0.687	0.716	0.709	0.708	0.698	0.681	0.732	0.694	0.71	0.7	0.693	0.694	0.694	0.734	0.711	0.693	0.698	0.704	0.752	0.716	1.226	0.721	0.715	0.695	0.712	0.722	0.71	0.718	0.725	0.724	0.784	0.728	0.727	0.723	0.746	0.693	0.703	0.725	0.706	0.69	0.696	0.692	0.79	0.725	0.706	0.719	0.708	0.703	0.654	0.686	0.706	0.697	0.692	0.739	0.786	0.719	0.717	0.724	0.713	0.71	0.652	0.695	0.693	0.68	0.692	0.686	0.758	0.671	0.692	0.68	0.698	0.691	0.638	0.679	0.696	0.679	0.67	0.664	0.747	0.671	0.696	0.693	0.692	0.662	0.642	0.674
Plate_3	22	0.692	0.679	0.668	0.66	0.707	0.677	0.688	0.686	0.689	0.676	0.686	0.718	0.708	0.706	0.694	0.673	0.723	0.689	0.705	0.694	0.687	0.686	0.69	0.733	0.708	0.692	0.693	0.694	0.747	0.71	1.211	0.713	0.709	0.693	0.708	0.722	0.708	0.714	0.717	0.712	0.774	0.723	0.72	0.717	0.74	0.688	0.698	0.726	0.7	0.688	0.686	0.682	0.779	0.719	0.7	0.71	0.701	0.699	0.653	0.686	0.706	0.693	0.683	0.727	0.779	0.708	0.716	0.72	0.71	0.708	0.649	0.695	0.691	0.677	0.684	0.681	0.754	0.666	0.688	0.678	0.694	0.686	0.635	0.678	0.693	0.679	0.667	0.66	0.741	0.669	0.697	0.694	0.688	0.66	0.639	0.674
Plate_3	23	0.692	0.673	0.667	0.656	0.704	0.676	0.685	0.685	0.688	0.677	0.678	0.718	0.707	0.704	0.691	0.667	0.715	0.684	0.702	0.691	0.683	0.685	0.687	0.73	0.706	0.691	0.688	0.688	0.74	0.704	1.209	0.709	0.704	0.689	0.703	0.722	0.704	0.712	0.708	0.7	0.767	0.716	0.716	0.712	0.737	0.687	0.695	0.726	0.702	0.686	0.681	0.675	0.771	0.715	0.696	0.704	0.698	0.692	0.65	0.684	0.704	0.69	0.677	0.72	0.771	0.706	0.711	0.711	0.708	0.706	0.646	0.691	0.693	0.677	0.681	0.676	0.75	0.664	0.685	0.676	0.695	0.681	0.63	0.678	0.694	0.678	0.665	0.655	0.735	0.666	0.697	0.691	0.686	0.66	0.638	0.673
Plate_3	24	0.694	0.679	0.665	0.654	0.7	0.675	0.687	0.686	0.688	0.677	0.675	0.72	0.705	0.707	0.69	0.662	0.709	0.679	0.697	0.687	0.681	0.683	0.68	0.728	0.708	0.685	0.685	0.681	0.735	0.7	1.197	0.705	0.701	0.689	0.7	0.719	0.706	0.711	0.703	0.692	0.758	0.714	0.714	0.709	0.731	0.688	0.69	0.718	0.699	0.689	0.674	0.669	0.762	0.708	0.696	0.701	0.698	0.69	0.647	0.683	0.708	0.69	0.676	0.721	0.764	0.708	0.711	0.708	0.705	0.704	0.642	0.69	0.697	0.677	0.68	0.674	0.747	0.661	0.685	0.675	0.695	0.678	0.627	0.675	0.694	0.679	0.663	0.652	0.732	0.663	0.697	0.694	0.685	0.66	0.636	0.673
Plate_4	0	0.202	0.197	0.201	0.207	0.204	0.208	0.164	0.225	0.157	0.209	0.165	0.167	0.205	0.217	0.219	0.265	0.211	0.213	0.168	0.171	0.176	0.17	0.167	0.167	0.225	0.204	0.209	0.22	0.211	0.22	0.169	0.171	0.164	0.167	0.17	0.169	0.215	0.203	0.212	0.262	0.218	0.228	0.168	0.161	0.47	0.164	0.169	0.165	0.205	0.197	0.203	0.239	0.193	0.194	0.163	0.166	0.164	0.159	0.167	0.167	0.207	0.198	0.2	0.408	0.214	0.211	0.169	0.174	0.164	0.167	0.171	0.164	0.202	0.192	0.195	0.196	0.191	0.208	0.159	0.159	0.167	0.163	0.159	0.293	0.205	0.197	0.207	0.246	0.207	0.202	0.166	0.163	0.168	0.164	0.169	0.163
Plate_4	1	0.247	0.242	0.243	0.249	0.24	0.246	0.161	0.155	0.156	0.25	0.165	0.168	0.252	0.271	0.267	0.339	0.264	0.254	0.167	0.167	0.192	0.168	0.167	0.168	0.282	0.25	0.258	0.27	0.253	0.256	0.167	0.168	0.163	0.164	0.171	0.17	0.269	0.248	0.261	0.351	0.264	0.267	0.166	0.159	0.167	0.162	0.168	0.166	0.242	0.232	0.238	0.318	0.227	0.218	0.162	0.163	0.163	0.158	0.167	0.168	0.257	0.236	0.241	0.243	0.258	0.245	0.166	0.172	0.161	0.166	0.168	0.162	0.246	0.229	0.228	0.228	0.224	0.24	0.158	0.158	0.164	0.161	0.164	0.188	0.247	0.231	0.256	0.325	0.251	0.234	0.164	0.161	0.164	0.162	0.164	0.162
Plate_4	2	0.308	0.307	0.305	0.32	0.297	0.314	0.16	0.155	0.156	0.342	0.165	0.168	0.322	0.35	0.344	0.448	0.348	0.332	0.168	0.166	0.189	0.164	0.167	0.167	0.365	0.317	0.34	0.353	0.324	0.335	0.166	0.166	0.162	0.164	0.17	0.169	0.362	0.317	0.34	0.515	0.34	0.357	0.164	0.159	0.164	0.161	0.167	0.165	0.299	0.285	0.298	0.427	0.291	0.27	0.161	0.162	0.161	0.157	0.166	0.167	0.346	0.297	0.304	0.308	0.34	0.325	0.165	0.171	0.159	0.165	0.166	0.161	0.318	0.287	0.283	0.277	0.281	0.296	0.157	0.157	0.163	0.16	0.164	0.17	0.314	0.295	0.342	0.44	0.337	0.301	0.163	0.161	0.163	0.162	0.163	0.162
Plate_4	3	0.378	0.38	0.381	0.419	0.386	0.399	0.16	0.155	0.156	0.44	0.164	0.166	0.398	0.431	0.428	0.55	0.453	0.416	0.17	0.164	0.188	0.163	0.166	0.167	0.448	0.395	0.423	0.446	0.417	0.426	0.164	0.165	0.161	0.163	0.169	0.169	0.455	0.399	0.426	0.649	0.436	0.446	0.163	0.158	0.167	0.16	0.167	0.165	0.366	0.352	0.375	0.509	0.366	0.366	0.16	0.161	0.161	0.157	0.166	0.166	0.438	0.368	0.384	0.415	0.423	0.42	0.164	0.17	0.159	0.164	0.165	0.161	0.38	0.355	0.348	0.347	0.354	0.386	0.157	0.156	0.163	0.159	0.164	0.172	0.384	0.365	0.428	0.618	0.423	0.389	0.162	0.161	0.163	0.162	0.163	0.16
Plate_4	4	0.467	0.471	0.471	0.55	0.51	0.463	0.159	0.155	0.156	0.561	0.163	0.165	0.497	0.526	0.521	0.652	0.575	0.48	0.177	0.162	0.186	0.162	0.166	0.166	0.547	0.485	0.512	0.556	0.539	0.491	0.163	0.165	0.161	0.162	0.169	0.168	0.563	0.493	0.523	0.753	0.55	0.522	0.161	0.157	0.167	0.159	0.166	0.164	0.453	0.433	0.462	0.561	0.444	0.426	0.16	0.16	0.16	0.156	0.165	0.165	0.537	0.454	0.477	0.565	0.511	0.494	0.162	0.169	0.158	0.163	0.164	0.16	0.46	0.439	0.431	0.44	0.433	0.498	0.156	0.155	0.162	0.158	0.164	0.172	0.474	0.451	0.521	0.806	0.507	0.46	0.161	0.16	0.161	0.161	0.161	0.16
Plate_4	5	0.565	0.562	0.569	0.641	0.628	0.551	0.159	0.154	0.156	0.661	0.163	0.165	0.593	0.606	0.606	0.697	0.652	0.566	0.192	0.161	0.185	0.161	0.165	0.165	0.62	0.578	0.602	0.639	0.639	0.573	0.161	0.164	0.16	0.162	0.168	0.167	0.642	0.586	0.609	0.8	0.637	0.611	0.16	0.157	0.168	0.159	0.165	0.164	0.546	0.534	0.561	0.623	0.534	0.509	0.158	0.159	0.159	0.156	0.164	0.164	0.623	0.547	0.574	0.747	0.601	0.583	0.161	0.167	0.158	0.162	0.163	0.16	0.566	0.538	0.534	0.562	0.527	0.656	0.156	0.154	0.161	0.157	0.164	0.173	0.562	0.553	0.604	0.874	0.598	0.544	0.161	0.16	0.161	0.161	0.161	0.16
Plate_4	6	0.641	0.618	0.631	0.679	0.682	0.616	0.158	0.154	0.155	0.694	0.162	0.164	0.653	0.642	0.646	0.729	0.684	0.629	0.227	0.161	0.184	0.16	0.164	0.165	0.658	0.629	0.645	0.685	0.684	0.635	0.16	0.163	0.159	0.161	0.166	0.166	0.675	0.633	0.648	0.792	0.67	0.657	0.16	0.156	0.168	0.158	0.164	0.164	0.61	0.607	0.622	0.676	0.598	0.592	0.157	0.158	0.159	0.155	0.164	0.162	0.656	0.605	0.627	0.844	0.646	0.64	0.16	0.165	0.157	0.161	0.162	0.159	0.641	0.606	0.609	0.66	0.596	0.805	0.155	0.154	0.161	0.156	0.164	0.173	0.626	0.62	0.644	0.889	0.656	0.611	0.16	0.16	0.16	0.161	0.16	0.16
Plate_4	7	0.669	0.651	0.663	0.706	0.709	0.657	0.157	0.154	0.155	0.711	0.162	0.163	0.683	0.67	0.672	0.755	0.711	0.665	0.298	0.16	0.182	0.159	0.163	0.164	0.684	0.66	0.672	0.734	0.709	0.673	0.159	0.163	0.158	0.16	0.165	0.165	0.704	0.663	0.673	0.791	0.701	0.685	0.159	0.156	0.168	0.157	0.164	0.163	0.638	0.644	0.651	0.695	0.637	0.642	0.156	0.158	0.158	0.155	0.162	0.16	0.683	0.641	0.657	0.842	0.679	0.675	0.159	0.165	0.157	0.161	0.162	0.159	0.672	0.643	0.647	0.728	0.634	0.892	0.155	0.153	0.16	0.156	0.163	0.173	0.653	0.656	0.67	0.907	0.684	0.651	0.159	0.159	0.16	0.16	0.16	0.16
Plate_4	8	0.69	0.67	0.683	0.725	0.733	0.681	0.157	0.153	0.154	0.727	0.162	0.163	0.702	0.692	0.693	0.772	0.732	0.688	0.437	0.159	0.181	0.159	0.163	0.163	0.7	0.682	0.696	0.788	0.73	0.694	0.159	0.162	0.158	0.159	0.164	0.165	0.724	0.686	0.693	0.798	0.722	0.707	0.159	0.155	0.169	0.157	0.163	0.163	0.659	0.666	0.673	0.716	0.662	0.668	0.156	0.157	0.158	0.155	0.162	0.16	0.703	0.664	0.678	0.848	0.701	0.691	0.159	0.164	0.156	0.16	0.161	0.158	0.693	0.665	0.67	0.794	0.659	0.982	0.154	0.153	0.16	0.155	0.163	0.173	0.672	0.678	0.693	0.926	0.704	0.674	0.159	0.159	0.159	0.16	0.16	0.159
Plate_4	9	0.706	0.687	0.7	0.739	0.75	0.698	0.156	0.153	0.154	0.74	0.161	0.162	0.717	0.707	0.706	0.787	0.744	0.704	0.599	0.158	0.18	0.158	0.163	0.163	0.714	0.7	0.71	0.837	0.745	0.71	0.159	0.161	0.157	0.159	0.164	0.164	0.739	0.703	0.709	0.796	0.738	0.723	0.158	0.155	0.169	0.156	0.163	0.163	0.676	0.684	0.688	0.729	0.682	0.681	0.156	0.156	0.157	0.154	0.161	0.16	0.723	0.682	0.695	0.865	0.72	0.704	0.158	0.164	0.156	0.16	0.16	0.158	0.71	0.684	0.69	0.853	0.68	1.035	0.154	0.152	0.159	0.154	0.163	0.172	0.689	0.696	0.709	0.939	0.719	0.69	0.159	0.158	0.158	0.159	0.159	0.159
Plate_4	10	0.719	0.7	0.712	0.749	0.76	0.709	0.155	0.153	0.154	0.755	0.161	0.162	0.73	0.717	0.717	0.798	0.756	0.714	0.695	0.157	0.18	0.158	0.163	0.162	0.724	0.713	0.721	0.884	0.758	0.722	0.159	0.161	0.157	0.158	0.164	0.164	0.75	0.714	0.72	0.799	0.751	0.734	0.158	0.154	0.169	0.156	0.162	0.162	0.688	0.698	0.703	0.729	0.694	0.694	0.156	0.156	0.157	0.154	0.161	0.159	0.729	0.697	0.71	0.885	0.731	0.718	0.157	0.163	0.155	0.159	0.16	0.157	0.721	0.697	0.705	0.912	0.694	1.057	0.154	0.152	0.159	0.154	0.163	0.172	0.701	0.709	0.722	0.953	0.733	0.701	0.158	0.158	0.158	0.159	0.159	0.159
Plate_4	11	0.728	0.706	0.719	0.757	0.769	0.716	0.155	0.153	0.153	0.761	0.161	0.162	0.736	0.724	0.724	0.805	0.762	0.721	0.706	0.157	0.178	0.158	0.163	0.162	0.731	0.721	0.73	0.928	0.766	0.728	0.162	0.162	0.157	0.158	0.164	0.163	0.757	0.723	0.728	0.804	0.758	0.74	0.158	0.154	0.17	0.155	0.162	0.162	0.698	0.708	0.712	0.734	0.705	0.705	0.156	0.156	0.156	0.154	0.161	0.159	0.736	0.704	0.715	0.902	0.743	0.725	0.156	0.163	0.155	0.158	0.159	0.157	0.728	0.706	0.714	0.969	0.703	1.081	0.153	0.152	0.158	0.153	0.163	0.171	0.711	0.718	0.73	0.967	0.742	0.709	0.158	0.158	0.158	0.159	0.158	0.159
Plate_4	12	0.733	0.71	0.725	0.759	0.773	0.719	0.155	0.152	0.153	0.766	0.161	0.162	0.743	0.727	0.728	0.811	0.766	0.725	0.728	0.157	0.178	0.157	0.163	0.162	0.735	0.728	0.735	0.975	0.772	0.732	0.165	0.161	0.156	0.158	0.164	0.163	0.76	0.73	0.733	0.804	0.761	0.744	0.157	0.153	0.169	0.155	0.162	0.163	0.704	0.714	0.719	0.744	0.712	0.71	0.156	0.155	0.156	0.154	0.161	0.159	0.742	0.71	0.723	0.917	0.746	0.729	0.156	0.162	0.155	0.159	0.159	0.156	0.727	0.714	0.722	1.023	0.713	1.104	0.153	0.152	0.158	0.153	0.162	0.17	0.718	0.724	0.737	0.98	0.747	0.713	0.157	0.158	0.157	0.159	0.16	0.158
Plate_4	13	0.736	0.712	0.727	0.762	0.776	0.719	0.154	0.152	0.154	0.771	0.161	0.162	0.745	0.729	0.73	0.814	0.771	0.727	0.744	0.157	0.178	0.157	0.163	0.162	0.737	0.731	0.736	1.016	0.776	0.734	0.172	0.161	0.156	0.157	0.164	0.163	0.763	0.731	0.736	0.809	0.765	0.745	0.157	0.153	0.17	0.155	0.162	0.163	0.709	0.718	0.722	0.748	0.716	0.714	0.158	0.155	0.156	0.154	0.161	0.159	0.746	0.714	0.725	0.932	0.751	0.732	0.156	0.163	0.155	0.158	0.159	0.156	0.731	0.717	0.728	1.068	0.718	1.125	0.154	0.151	0.158	0.153	0.162	0.17	0.72	0.729	0.739	0.987	0.751	0.717	0.157	0.157	0.158	0.159	0.16	0.158
Plate_4	14	0.738	0.713	0.729	0.762	0.776	0.717	0.154	0.152	0.153	0.776	0.16	0.162	0.746	0.73	0.732	0.817	0.771	0.726	0.76	0.157	0.177	0.157	0.163	0.162	0.742	0.731	0.737	1.052	0.778	0.733	0.189	0.16	0.155	0.157	0.163	0.163	0.766	0.734	0.739	0.81	0.765	0.743	0.157	0.153	0.17	0.155	0.162	0.163	0.713	0.721	0.724	0.753	0.719	0.714	0.16	0.155	0.155	0.153	0.161	0.159	0.746	0.716	0.729	0.941	0.754	0.732	0.157	0.162	0.154	0.158	0.158	0.156	0.734	0.72	0.732	1.1	0.721	1.135	0.155	0.151	0.157	0.153	0.162	0.169	0.723	0.731	0.742	0.993	0.753	0.716	0.156	0.157	0.157	0.158	0.16	0.158
Plate_4	15	0.74	0.715	0.73	0.763	0.777	0.715	0.154	0.152	0.153	0.777	0.16	0.162	0.748	0.733	0.734	0.818	0.771	0.725	0.767	0.156	0.177	0.156	0.163	0.162	0.744	0.734	0.739	1.082	0.778	0.733	0.225	0.16	0.155	0.157	0.163	0.163	0.767	0.735	0.74	0.808	0.766	0.743	0.157	0.152	0.17	0.154	0.162	0.162	0.716	0.722	0.727	0.756	0.72	0.714	0.167	0.154	0.155	0.153	0.161	0.159	0.748	0.719	0.732	0.949	0.753	0.732	0.16	0.161	0.154	0.158	0.158	0.155	0.738	0.723	0.736	1.115	0.725	1.141	0.157	0.151	0.158	0.152	0.162	0.168	0.726	0.734	0.745	0.991	0.754	0.717	0.156	0.157	0.157	0.158	0.159	0.157
Plate_4	16	0.742	0.717	0.732	0.763	0.778	0.713	0.153	0.152	0.153	0.779	0.16	0.162	0.751	0.734	0.736	0.82	0.772	0.724	0.776	0.156	0.176	0.156	0.164	0.162	0.748	0.736	0.74	1.107	0.779	0.732	0.293	0.16	0.154	0.156	0.163	0.163	0.769	0.738	0.744	0.81	0.767	0.742	0.156	0.152	0.17	0.154	0.162	0.163	0.719	0.724	0.729	0.758	0.723	0.713	0.182	0.154	0.155	0.153	0.161	0.159	0.752	0.723	0.734	0.957	0.757	0.732	0.165	0.161	0.154	0.157	0.158	0.156	0.741	0.726	0.74	1.115	0.728	1.136	0.162	0.151	0.157	0.152	0.162	0.168	0.73	0.737	0.747	0.987	0.755	0.715	0.156	0.158	0.157	0.158	0.159	0.157
Plate_4	17	0.745	0.717	0.733	0.764	0.781	0.711	0.153	0.151	0.154	0.783	0.16	0.162	0.754	0.737	0.737	0.823	0.774	0.724	0.782	0.156	0.176	0.156	0.164	0.162	0.751	0.738	0.741	1.127	0.781	0.731	0.417	0.16	0.154	0.156	0.163	0.163	0.773	0.74	0.744	0.812	0.765	0.742	0.156	0.152	0.17	0.154	0.162	0.163	0.722	0.727	0.731	0.76	0.725	0.713	0.212	0.154	0.155	0.153	0.161	0.159	0.754	0.726	0.737	0.963	0.76	0.729	0.177	0.161	0.154	0.157	0.157	0.155	0.744	0.728	0.744	1.106	0.732	1.128	0.172	0.15	0.157	0.151	0.162	0.167	0.732	0.739	0.751	0.983	0.758	0.715	0.156	0.158	0.156	0.157	0.158	0.157
Plate_4	18	0.747	0.72	0.739	0.765	0.782	0.713	0.152	0.151	0.153	0.786	0.16	0.162	0.756	0.742	0.737	0.827	0.771	0.724	0.785	0.156	0.175	0.156	0.164	0.162	0.758	0.74	0.743	1.138	0.779	0.731	0.585	0.16	0.154	0.156	0.164	0.163	0.777	0.741	0.745	0.813	0.773	0.741	0.156	0.152	0.17	0.154	0.162	0.163	0.726	0.73	0.735	0.762	0.726	0.712	0.274	0.154	0.155	0.153	0.161	0.159	0.755	0.728	0.739	0.965	0.763	0.73	0.203	0.161	0.153	0.156	0.157	0.156	0.746	0.731	0.747	1.095	0.734	1.117	0.194	0.15	0.156	0.151	0.162	0.167	0.735	0.742	0.753	0.975	0.759	0.714	0.155	0.158	0.156	0.157	0.158	0.157
Plate_4	19	0.746	0.72	0.735	0.77	0.779	0.712	0.152	0.151	0.154	0.792	0.16	0.162	0.759	0.74	0.741	0.831	0.772	0.728	0.787	0.156	0.175	0.156	0.164	0.162	0.759	0.739	0.746	1.142	0.782	0.734	0.675	0.16	0.154	0.156	0.164	0.163	0.78	0.747	0.752	0.814	0.778	0.744	0.155	0.151	0.17	0.154	0.162	0.163	0.731	0.732	0.735	0.765	0.733	0.712	0.38	0.153	0.155	0.152	0.161	0.159	0.761	0.731	0.744	0.967	0.766	0.73	0.258	0.161	0.153	0.156	0.157	0.155	0.753	0.735	0.75	1.084	0.739	1.109	0.241	0.15	0.156	0.151	0.162	0.167	0.739	0.744	0.757	0.966	0.761	0.715	0.155	0.158	0.155	0.156	0.158	0.157
Plate_4	20	0.751	0.722	0.739	0.776	0.79	0.716	0.152	0.151	0.154	0.796	0.16	0.162	0.762	0.746	0.745	0.838	0.777	0.73	0.79	0.156	0.175	0.155	0.164	0.162	0.763	0.748	0.751	1.14	0.782	0.735	0.706	0.16	0.154	0.156	0.164	0.163	0.782	0.751	0.755	0.815	0.779	0.746	0.155	0.151	0.17	0.154	0.162	0.163	0.736	0.734	0.741	0.767	0.737	0.715	0.542	0.153	0.155	0.152	0.161	0.16	0.764	0.735	0.748	0.966	0.769	0.733	0.351	0.161	0.153	0.156	0.157	0.156	0.755	0.738	0.756	1.072	0.744	1.104	0.324	0.15	0.156	0.151	0.162	0.167	0.742	0.748	0.76	0.956	0.767	0.718	0.155	0.158	0.155	0.156	0.157	0.156
Plate_4	21	0.755	0.725	0.744	0.783	0.793	0.716	0.152	0.151	0.154	0.801	0.16	0.163	0.766	0.749	0.75	0.844	0.782	0.732	0.792	0.155	0.176	0.155	0.164	0.162	0.766	0.75	0.754	1.135	0.788	0.737	0.738	0.159	0.153	0.155	0.164	0.163	0.788	0.755	0.76	0.817	0.784	0.747	0.155	0.151	0.17	0.154	0.162	0.163	0.739	0.741	0.745	0.768	0.741	0.715	0.657	0.153	0.154	0.152	0.161	0.16	0.769	0.74	0.751	0.964	0.774	0.735	0.493	0.16	0.153	0.156	0.156	0.155	0.759	0.742	0.761	1.058	0.746	1.094	0.456	0.15	0.155	0.151	0.162	0.166	0.745	0.751	0.764	0.948	0.769	0.721	0.155	0.158	0.155	0.156	0.158	0.156
Plate_4	22	0.759	0.729	0.748	0.788	0.8	0.717	0.152	0.151	0.154	0.805	0.161	0.163	0.769	0.752	0.753	0.851	0.786	0.734	0.795	0.155	0.176	0.155	0.164	0.162	0.769	0.754	0.757	1.126	0.794	0.738	0.762	0.159	0.154	0.155	0.164	0.164	0.79	0.759	0.764	0.818	0.787	0.749	0.155	0.151	0.17	0.154	0.162	0.164	0.743	0.744	0.748	0.769	0.743	0.718	0.691	0.153	0.154	0.152	0.162	0.16	0.772	0.743	0.755	0.962	0.778	0.738	0.629	0.16	0.153	0.156	0.156	0.156	0.764	0.747	0.764	1.046	0.749	1.081	0.602	0.15	0.156	0.151	0.162	0.166	0.749	0.755	0.767	0.935	0.774	0.724	0.155	0.159	0.155	0.156	0.158	0.156
Plate_4	23	0.764	0.731	0.752	0.793	0.804	0.718	0.152	0.151	0.155	0.808	0.161	0.163	0.772	0.755	0.754	0.858	0.792	0.735	0.798	0.155	0.176	0.155	0.165	0.163	0.773	0.758	0.762	1.118	0.799	0.74	0.78	0.159	0.153	0.155	0.164	0.164	0.796	0.762	0.768	0.817	0.793	0.751	0.155	0.151	0.17	0.154	0.162	0.164	0.746	0.747	0.753	0.772	0.746	0.72	0.725	0.153	0.154	0.152	0.162	0.16	0.776	0.747	0.758	0.958	0.78	0.739	0.682	0.16	0.153	0.156	0.156	0.155	0.767	0.749	0.77	1.033	0.754	1.065	0.665	0.15	0.155	0.151	0.162	0.165	0.753	0.758	0.77	0.926	0.777	0.725	0.155	0.159	0.155	0.156	0.157	0.156
Plate_4	24	0.766	0.736	0.755	0.799	0.809	0.72	0.152	0.151	0.158	0.813	0.164	0.167	0.775	0.758	0.76	0.864	0.798	0.739	0.804	0.156	0.179	0.156	0.168	0.166	0.777	0.76	0.766	1.109	0.805	0.743	0.791	0.16	0.154	0.156	0.167	0.167	0.8	0.766	0.77	0.816	0.799	0.754	0.155	0.151	0.173	0.154	0.165	0.167	0.751	0.75	0.756	0.772	0.75	0.722	0.751	0.154	0.155	0.153	0.165	0.164	0.78	0.75	0.762	0.954	0.784	0.742	0.708	0.16	0.153	0.156	0.156	0.156	0.77	0.753	0.773	1.022	0.758	1.051	0.694	0.151	0.155	0.151	0.165	0.165	0.756	0.762	0.775	0.918	0.781	0.728	0.155	0.162	0.155	0.156	0.158	0.156