Plate	Time	A1	A2	A3	A4	A5	A6	A7	A8	A9	A10	A11	A12	B1	B2	B3	B4	B5	B6	B7	B8	B9	B10	B11	B12	C1	C2	C3	C4	C5	C6	C7	C8	C9	C10	C11	C12	D1	D2	D3	D4	D5	D6	D7	D8	D9	D10	D11	D12	E1	E2	E3	E4	E5	E6	E7	E8	E9	E10	E11	E12	F1	F2	F3	F4	F5	F6	F7	F8	F9	F10	F11	F12	G1	G2	G3	G4	G5	G6	G7	G8	G9	G10	G11	G12	H1	H2	H3	H4	H5	H6	H7	H8	H9	H10	H11	H12
Plate_1	0	0.262	0.262	0.279	0.247	0.259	0.249	0.245	0.231	0.161	0.235	0.27	0.261	0.251	0.263	0.257	0.208	0.216	0.202	0.202	0.206	0.156	0.203	0.197	0.229	0.238	0.245	0.272	0.222	0.198	0.204	0.244	0.227	0.167	0.204	0.205	0.234	0.246	0.232	0.252	0.204	0.21	0.212	0.216	0.204	0.177	0.21	0.217	0.231	0.278	0.257	0.265	0.234	0.219	0.217	0.224	0.222	0.17	0.223	0.223	0.214	0.269	0.265	0.234	0.248	0.225	0.215	0.21	0.215	0.164	0.221	0.208	0.204	0.263	0.267	0.272	0.244	0.257	0.259	0.273	0.256	0.162	0.267	0.26	0.259	0.268	0.261	0.255	0.218	0.251	0.263	0.261	0.234	0.219	0.238	0.232	0.231
Plate_1	1	0.327	0.398	0.444	0.359	0.381	0.379	0.356	0.324	0.159	0.305	0.393	0.363	0.307	0.383	0.364	0.229	0.253	0.236	0.228	0.242	0.155	0.227	0.215	0.282	0.282	0.35	0.448	0.249	0.232	0.234	0.286	0.276	0.161	0.228	0.231	0.299	0.293	0.314	0.392	0.238	0.278	0.283	0.272	0.233	0.177	0.238	0.25	0.294	0.399	0.365	0.39	0.285	0.32	0.296	0.26	0.284	0.168	0.242	0.261	0.237	0.333	0.366	0.302	0.323	0.338	0.298	0.254	0.267	0.162	0.241	0.234	0.227	0.333	0.411	0.339	0.32	0.367	0.387	0.384	0.306	0.161	0.362	0.355	0.442	0.358	0.374	0.37	0.261	0.358	0.349	0.358	0.241	0.202	0.319	0.293	0.292
Plate_1	2	0.433	0.535	0.568	0.484	0.522	0.511	0.487	0.453	0.159	0.408	0.496	0.475	0.41	0.518	0.49	0.293	0.349	0.306	0.296	0.274	0.154	0.273	0.244	0.375	0.382	0.477	0.674	0.336	0.315	0.31	0.4	0.368	0.159	0.278	0.283	0.396	0.4	0.449	0.529	0.293	0.365	0.357	0.376	0.315	0.177	0.288	0.317	0.41	0.532	0.526	0.533	0.377	0.381	0.36	0.336	0.349	0.166	0.28	0.327	0.274	0.432	0.533	0.427	0.432	0.39	0.361	0.308	0.307	0.161	0.288	0.288	0.264	0.45	0.599	0.491	0.444	0.516	0.549	0.539	0.385	0.16	0.509	0.525	0.539	0.478	0.524	0.518	0.367	0.494	0.464	0.464	0.236	0.221	0.454	0.442	0.397
Plate_1	3	0.46	0.576	0.607	0.52	0.564	0.556	0.532	0.495	0.159	0.46	0.542	0.549	0.444	0.562	0.541	0.357	0.414	0.379	0.367	0.338	0.154	0.332	0.288	0.442	0.434	0.535	0.77	0.41	0.398	0.38	0.474	0.438	0.158	0.346	0.345	0.458	0.453	0.507	0.582	0.373	0.438	0.439	0.482	0.4	0.177	0.356	0.384	0.472	0.539	0.586	0.586	0.453	0.455	0.44	0.406	0.418	0.166	0.335	0.396	0.333	0.451	0.595	0.483	0.494	0.456	0.441	0.371	0.369	0.161	0.35	0.347	0.317	0.472	0.666	0.567	0.502	0.574	0.599	0.59	0.442	0.16	0.563	0.586	0.549	0.476	0.567	0.563	0.431	0.535	0.52	0.501	0.234	0.197	0.507	0.509	0.44
Plate_1	4	0.443	0.623	0.661	0.526	0.607	0.603	0.566	0.533	0.159	0.506	0.61	0.644	0.431	0.616	0.589	0.396	0.452	0.419	0.406	0.385	0.154	0.378	0.346	0.542	0.427	0.566	0.772	0.439	0.438	0.418	0.491	0.477	0.157	0.394	0.393	0.55	0.438	0.531	0.611	0.41	0.478	0.454	0.495	0.435	0.176	0.402	0.428	0.561	0.501	0.633	0.632	0.476	0.482	0.465	0.446	0.451	0.166	0.387	0.441	0.384	0.438	0.674	0.519	0.507	0.49	0.473	0.414	0.413	0.161	0.398	0.396	0.37	0.454	0.701	0.615	0.516	0.601	0.633	0.639	0.472	0.159	0.616	0.635	0.579	0.456	0.611	0.607	0.449	0.568	0.573	0.544	0.232	0.172	0.551	0.588	0.474
Plate_1	5	0.465	0.682	0.699	0.57	0.666	0.66	0.63	0.601	0.159	0.582	0.656	0.682	0.452	0.671	0.646	0.425	0.506	0.47	0.459	0.435	0.154	0.44	0.403	0.634	0.433	0.627	0.797	0.459	0.477	0.478	0.556	0.541	0.156	0.456	0.457	0.638	0.444	0.584	0.671	0.432	0.526	0.516	0.55	0.487	0.177	0.465	0.5	0.642	0.522	0.691	0.691	0.494	0.549	0.527	0.509	0.511	0.166	0.448	0.506	0.44	0.464	0.711	0.58	0.536	0.55	0.518	0.472	0.479	0.161	0.453	0.461	0.428	0.477	0.746	0.672	0.538	0.659	0.686	0.701	0.518	0.159	0.688	0.693	0.647	0.48	0.671	0.669	0.464	0.625	0.648	0.612	0.23	0.176	0.619	0.673	0.541
Plate_1	6	0.51	0.72	0.714	0.599	0.706	0.7	0.678	0.656	0.159	0.644	0.678	0.69	0.501	0.701	0.69	0.469	0.586	0.551	0.548	0.526	0.154	0.532	0.488	0.659	0.472	0.682	0.789	0.501	0.563	0.559	0.631	0.626	0.156	0.55	0.545	0.669	0.482	0.657	0.718	0.472	0.613	0.6	0.627	0.576	0.176	0.555	0.585	0.665	0.561	0.726	0.719	0.527	0.634	0.606	0.591	0.604	0.165	0.542	0.587	0.528	0.502	0.746	0.644	0.575	0.632	0.6	0.559	0.57	0.161	0.541	0.553	0.517	0.519	0.787	0.709	0.574	0.707	0.718	0.733	0.569	0.159	0.727	0.719	0.684	0.522	0.71	0.706	0.512	0.674	0.705	0.656	0.23	0.173	0.674	0.707	0.609
Plate_1	7	0.572	0.734	0.724	0.619	0.72	0.707	0.696	0.676	0.159	0.666	0.694	0.713	0.564	0.717	0.707	0.54	0.664	0.645	0.633	0.623	0.154	0.617	0.581	0.676	0.522	0.715	0.806	0.567	0.649	0.642	0.697	0.685	0.155	0.638	0.624	0.685	0.534	0.7	0.74	0.549	0.684	0.676	0.682	0.653	0.176	0.633	0.646	0.681	0.605	0.738	0.735	0.574	0.698	0.688	0.664	0.68	0.165	0.627	0.651	0.616	0.556	0.759	0.691	0.61	0.703	0.675	0.648	0.649	0.161	0.632	0.631	0.61	0.572	0.8	0.726	0.613	0.729	0.733	0.747	0.608	0.159	0.75	0.731	0.7	0.574	0.72	0.721	0.568	0.698	0.727	0.681	0.233	0.163	0.69	0.705	0.652
Plate_1	8	0.645	0.745	0.741	0.638	0.728	0.718	0.707	0.692	0.159	0.683	0.708	0.725	0.639	0.73	0.719	0.593	0.677	0.673	0.65	0.647	0.154	0.628	0.614	0.695	0.591	0.723	0.802	0.618	0.674	0.674	0.7	0.688	0.156	0.65	0.632	0.699	0.604	0.705	0.751	0.613	0.69	0.685	0.683	0.662	0.175	0.641	0.652	0.698	0.663	0.744	0.744	0.61	0.705	0.7	0.672	0.687	0.165	0.648	0.663	0.632	0.615	0.769	0.698	0.637	0.708	0.693	0.671	0.661	0.161	0.657	0.641	0.638	0.632	0.796	0.737	0.639	0.737	0.742	0.76	0.643	0.159	0.765	0.74	0.711	0.634	0.73	0.732	0.617	0.707	0.763	0.7	0.237	0.161	0.703	0.722	0.659
Plate_1	9	0.715	0.761	0.754	0.657	0.745	0.736	0.72	0.71	0.159	0.701	0.721	0.738	0.709	0.743	0.734	0.61	0.692	0.682	0.663	0.656	0.154	0.65	0.624	0.712	0.665	0.739	0.8	0.633	0.682	0.689	0.719	0.709	0.155	0.672	0.648	0.717	0.677	0.723	0.761	0.636	0.716	0.697	0.703	0.677	0.175	0.662	0.67	0.714	0.723	0.757	0.759	0.63	0.72	0.711	0.69	0.703	0.164	0.666	0.679	0.645	0.678	0.778	0.713	0.654	0.724	0.703	0.685	0.679	0.161	0.673	0.659	0.647	0.695	0.81	0.753	0.652	0.752	0.754	0.775	0.671	0.159	0.78	0.753	0.724	0.692	0.743	0.744	0.633	0.718	0.807	0.717	0.243	0.161	0.718	0.737	0.675
Plate_1	10	0.765	0.763	0.762	0.672	0.757	0.75	0.73	0.725	0.159	0.71	0.726	0.744	0.764	0.751	0.744	0.63	0.709	0.702	0.685	0.68	0.154	0.673	0.648	0.719	0.729	0.754	0.806	0.648	0.706	0.706	0.739	0.728	0.155	0.691	0.669	0.726	0.741	0.739	0.774	0.652	0.728	0.72	0.721	0.698	0.175	0.681	0.688	0.723	0.776	0.765	0.77	0.646	0.737	0.732	0.709	0.715	0.164	0.688	0.691	0.667	0.733	0.787	0.73	0.668	0.741	0.722	0.707	0.698	0.161	0.695	0.681	0.669	0.751	0.818	0.763	0.666	0.762	0.763	0.784	0.691	0.159	0.789	0.764	0.732	0.746	0.753	0.753	0.648	0.73	0.858	0.728	0.253	0.161	0.728	0.751	0.691
Plate_1	11	0.8	0.769	0.765	0.677	0.762	0.753	0.734	0.732	0.159	0.717	0.73	0.745	0.8	0.755	0.749	0.643	0.723	0.717	0.7	0.696	0.153	0.687	0.668	0.726	0.773	0.759	0.806	0.661	0.721	0.724	0.751	0.742	0.155	0.705	0.682	0.732	0.785	0.746	0.778	0.662	0.744	0.736	0.736	0.716	0.174	0.693	0.699	0.73	0.814	0.77	0.767	0.654	0.751	0.744	0.723	0.736	0.163	0.705	0.702	0.684	0.774	0.794	0.739	0.678	0.754	0.738	0.721	0.714	0.16	0.712	0.698	0.688	0.795	0.827	0.771	0.676	0.768	0.771	0.79	0.703	0.159	0.793	0.767	0.737	0.784	0.757	0.76	0.663	0.739	0.908	0.737	0.265	0.161	0.736	0.757	0.701
Plate_1	12	0.824	0.776	0.768	0.679	0.769	0.756	0.736	0.736	0.159	0.719	0.734	0.75	0.826	0.759	0.754	0.655	0.732	0.731	0.713	0.71	0.154	0.699	0.683	0.731	0.805	0.767	0.805	0.666	0.734	0.742	0.768	0.748	0.155	0.718	0.694	0.736	0.818	0.754	0.781	0.674	0.756	0.747	0.746	0.726	0.174	0.704	0.709	0.735	0.842	0.775	0.77	0.664	0.758	0.754	0.732	0.743	0.163	0.718	0.709	0.697	0.806	0.795	0.743	0.681	0.76	0.75	0.737	0.724	0.161	0.726	0.708	0.703	0.826	0.825	0.783	0.682	0.769	0.772	0.795	0.711	0.159	0.797	0.77	0.74	0.813	0.762	0.764	0.672	0.737	0.955	0.742	0.281	0.16	0.741	0.76	0.708
Plate_1	13	0.839	0.777	0.767	0.677	0.769	0.76	0.738	0.739	0.158	0.719	0.731	0.75	0.841	0.759	0.754	0.66	0.738	0.735	0.716	0.717	0.153	0.702	0.691	0.732	0.826	0.768	0.8	0.67	0.745	0.749	0.766	0.751	0.155	0.723	0.698	0.737	0.839	0.755	0.782	0.68	0.766	0.75	0.748	0.735	0.173	0.706	0.711	0.736	0.862	0.776	0.772	0.668	0.761	0.765	0.738	0.747	0.162	0.726	0.711	0.704	0.831	0.793	0.746	0.68	0.763	0.756	0.744	0.73	0.16	0.733	0.714	0.712	0.848	0.826	0.783	0.682	0.769	0.771	0.795	0.716	0.159	0.795	0.769	0.741	0.833	0.763	0.764	0.673	0.74	1.008	0.743	0.302	0.16	0.742	0.763	0.711
Plate_1	14	0.847	0.777	0.766	0.673	0.768	0.758	0.736	0.737	0.158	0.72	0.731	0.749	0.851	0.758	0.755	0.663	0.738	0.736	0.717	0.72	0.153	0.704	0.695	0.733	0.84	0.767	0.795	0.67	0.746	0.749	0.769	0.752	0.154	0.723	0.701	0.738	0.852	0.756	0.78	0.68	0.768	0.755	0.749	0.737	0.174	0.709	0.714	0.739	0.874	0.777	0.768	0.67	0.766	0.762	0.74	0.747	0.161	0.729	0.71	0.709	0.846	0.789	0.744	0.679	0.763	0.759	0.748	0.733	0.16	0.737	0.716	0.717	0.863	0.821	0.778	0.679	0.767	0.767	0.794	0.717	0.158	0.795	0.767	0.741	0.846	0.762	0.762	0.672	0.739	1.056	0.744	0.326	0.16	0.743	0.765	0.715
Plate_1	15	0.851	0.775	0.763	0.666	0.765	0.755	0.735	0.738	0.158	0.719	0.731	0.749	0.853	0.755	0.751	0.662	0.738	0.732	0.718	0.718	0.152	0.705	0.697	0.734	0.847	0.763	0.788	0.665	0.75	0.745	0.765	0.752	0.154	0.724	0.702	0.739	0.858	0.753	0.775	0.68	0.764	0.752	0.749	0.738	0.173	0.709	0.714	0.74	0.883	0.771	0.766	0.668	0.764	0.762	0.738	0.752	0.16	0.731	0.709	0.711	0.854	0.785	0.743	0.675	0.761	0.757	0.746	0.734	0.159	0.739	0.718	0.721	0.872	0.814	0.774	0.674	0.765	0.764	0.79	0.718	0.158	0.794	0.764	0.742	0.853	0.76	0.76	0.669	0.739	1.097	0.748	0.355	0.159	0.743	0.764	0.716
Plate_1	16	0.852	0.775	0.764	0.665	0.764	0.753	0.735	0.736	0.157	0.718	0.73	0.746	0.855	0.757	0.754	0.66	0.736	0.732	0.72	0.72	0.152	0.704	0.698	0.735	0.851	0.763	0.786	0.663	0.746	0.746	0.765	0.748	0.153	0.723	0.701	0.739	0.86	0.752	0.774	0.676	0.762	0.75	0.747	0.736	0.172	0.709	0.713	0.743	0.879	0.773	0.772	0.666	0.762	0.762	0.738	0.75	0.159	0.733	0.708	0.712	0.865	0.782	0.744	0.674	0.76	0.756	0.747	0.735	0.159	0.74	0.719	0.723	0.88	0.805	0.771	0.674	0.764	0.764	0.79	0.718	0.157	0.794	0.764	0.743	0.858	0.76	0.762	0.669	0.739	1.129	0.748	0.385	0.164	0.745	0.765	0.718
Plate_1	17	0.852	0.772	0.762	0.659	0.762	0.75	0.732	0.734	0.157	0.719	0.731	0.751	0.854	0.755	0.75	0.657	0.737	0.734	0.719	0.72	0.152	0.705	0.699	0.735	0.85	0.762	0.782	0.659	0.748	0.743	0.763	0.746	0.153	0.722	0.701	0.741	0.86	0.75	0.769	0.673	0.76	0.749	0.745	0.735	0.171	0.709	0.712	0.745	0.882	0.77	0.766	0.663	0.763	0.76	0.739	0.744	0.159	0.733	0.705	0.714	0.866	0.78	0.745	0.669	0.759	0.753	0.748	0.735	0.159	0.739	0.719	0.724	0.882	0.799	0.768	0.671	0.763	0.762	0.789	0.718	0.157	0.792	0.761	0.745	0.861	0.759	0.759	0.662	0.741	1.153	0.75	0.416	0.159	0.742	0.766	0.722
Plate_1	18	0.855	0.771	0.756	0.656	0.76	0.749	0.731	0.732	0.156	0.718	0.733	0.75	0.855	0.753	0.751	0.651	0.734	0.734	0.719	0.719	0.151	0.706	0.7	0.737	0.851	0.759	0.781	0.656	0.746	0.742	0.762	0.746	0.153	0.722	0.701	0.745	0.861	0.749	0.768	0.669	0.759	0.748	0.745	0.733	0.171	0.71	0.714	0.746	0.884	0.767	0.763	0.66	0.762	0.759	0.737	0.745	0.158	0.735	0.704	0.715	0.869	0.777	0.745	0.666	0.756	0.752	0.748	0.736	0.158	0.74	0.72	0.727	0.885	0.795	0.766	0.668	0.764	0.762	0.79	0.717	0.156	0.79	0.76	0.746	0.866	0.761	0.761	0.662	0.742	1.169	0.752	0.449	0.158	0.744	0.768	0.724
Plate_1	19	0.86	0.768	0.76	0.651	0.759	0.746	0.73	0.733	0.156	0.72	0.732	0.757	0.859	0.754	0.753	0.646	0.732	0.73	0.717	0.719	0.151	0.705	0.703	0.741	0.854	0.758	0.782	0.654	0.745	0.742	0.76	0.747	0.152	0.721	0.704	0.749	0.865	0.75	0.767	0.666	0.756	0.747	0.744	0.734	0.171	0.71	0.716	0.75	0.888	0.767	0.764	0.656	0.759	0.757	0.734	0.746	0.158	0.741	0.704	0.716	0.873	0.774	0.746	0.664	0.756	0.752	0.748	0.738	0.158	0.74	0.721	0.728	0.889	0.793	0.764	0.667	0.763	0.761	0.79	0.716	0.156	0.79	0.76	0.749	0.87	0.761	0.762	0.661	0.744	1.172	0.754	0.483	0.158	0.744	0.768	0.726
Plate_1	20	0.863	0.767	0.76	0.649	0.758	0.748	0.732	0.734	0.156	0.719	0.733	0.761	0.863	0.754	0.752	0.644	0.73	0.73	0.719	0.721	0.151	0.707	0.704	0.745	0.859	0.757	0.778	0.651	0.744	0.74	0.761	0.746	0.152	0.721	0.706	0.747	0.869	0.749	0.765	0.664	0.755	0.744	0.744	0.735	0.17	0.712	0.718	0.755	0.892	0.768	0.762	0.652	0.759	0.757	0.737	0.744	0.158	0.737	0.704	0.721	0.877	0.776	0.748	0.663	0.757	0.751	0.748	0.738	0.158	0.741	0.723	0.732	0.893	0.796	0.762	0.665	0.763	0.763	0.789	0.715	0.156	0.79	0.762	0.75	0.874	0.764	0.763	0.661	0.747	1.17	0.754	0.515	0.158	0.746	0.768	0.73
Plate_1	21	0.867	0.768	0.76	0.643	0.757	0.745	0.731	0.734	0.156	0.721	0.736	0.764	0.866	0.754	0.752	0.643	0.731	0.73	0.719	0.721	0.151	0.709	0.707	0.744	0.864	0.76	0.775	0.648	0.742	0.74	0.761	0.746	0.152	0.722	0.707	0.751	0.872	0.749	0.764	0.662	0.755	0.742	0.744	0.735	0.17	0.713	0.719	0.757	0.894	0.769	0.762	0.648	0.76	0.755	0.737	0.747	0.158	0.737	0.704	0.723	0.88	0.776	0.748	0.661	0.757	0.752	0.75	0.74	0.157	0.742	0.723	0.734	0.897	0.795	0.762	0.664	0.765	0.763	0.791	0.713	0.155	0.789	0.764	0.753	0.878	0.765	0.765	0.656	0.748	1.167	0.756	0.542	0.158	0.746	0.775	0.732
Plate_1	22	0.876	0.77	0.762	0.644	0.759	0.747	0.732	0.736	0.155	0.722	0.74	0.769	0.874	0.756	0.752	0.643	0.731	0.729	0.718	0.721	0.151	0.709	0.708	0.747	0.869	0.759	0.774	0.647	0.741	0.739	0.76	0.746	0.152	0.723	0.709	0.755	0.877	0.75	0.763	0.659	0.755	0.741	0.744	0.737	0.169	0.714	0.722	0.761	0.899	0.769	0.763	0.648	0.759	0.756	0.737	0.746	0.157	0.738	0.704	0.727	0.882	0.775	0.751	0.66	0.757	0.752	0.75	0.742	0.157	0.741	0.725	0.738	0.902	0.792	0.764	0.661	0.767	0.764	0.793	0.711	0.155	0.789	0.766	0.755	0.88	0.766	0.768	0.657	0.75	1.165	0.759	0.564	0.157	0.748	0.776	0.734
Plate_1	23	0.885	0.771	0.763	0.644	0.759	0.747	0.734	0.737	0.157	0.725	0.743	0.774	0.884	0.757	0.753	0.643	0.731	0.73	0.721	0.723	0.152	0.71	0.713	0.751	0.874	0.759	0.773	0.645	0.743	0.739	0.76	0.747	0.153	0.724	0.711	0.759	0.885	0.75	0.764	0.657	0.756	0.742	0.745	0.738	0.171	0.714	0.723	0.765	0.901	0.769	0.765	0.645	0.761	0.755	0.742	0.746	0.158	0.745	0.705	0.729	0.886	0.777	0.753	0.662	0.759	0.754	0.751	0.745	0.158	0.743	0.727	0.741	0.903	0.792	0.765	0.661	0.766	0.766	0.795	0.71	0.156	0.79	0.768	0.758	0.884	0.769	0.769	0.659	0.752	1.161	0.76	0.578	0.159	0.749	0.78	0.736
Plate_2	0	0.257	0.26	0.256	0.256	0.226	0.219	0.262	0.258	0.247	0.24	0.245	0.25	0.242	0.24	0.248	0.247	0.221	0.217	0.249	0.239	0.28	0.243	0.244	0.25	0.229	0.235	0.228	0.231	0.23	0.208	0.226	0.243	0.225	0.273	0.239	0.237	0.244	0.235	0.239	0.253	0.231	0.222	0.232	0.238	0.263	0.246	0.239	0.241	0.254	0.233	0.253	0.241	0.223	0.208	0.281	0.234	0.246	0.229	0.242	0.234	0.252	0.238	0.247	0.241	0.233	0.22	0.25	0.25	0.248	0.23	0.234	0.238	0.251	0.252	0.243	0.242	0.225	0.211	0.238	0.249	0.231	0.227	0.23	0.218	0.247	0.242	0.242	0.243	0.222	0.219	0.244	0.241	0.246	0.238	0.237	0.243
Plate_2	1	0.367	0.376	0.372	0.386	0.318	0.279	0.369	0.379	0.35	0.275	0.347	0.34	0.313	0.323	0.337	0.342	0.294	0.263	0.337	0.322	0.37	0.284	0.335	0.346	0.273	0.288	0.29	0.298	0.275	0.23	0.281	0.319	0.277	0.287	0.316	0.319	0.323	0.301	0.302	0.341	0.316	0.26	0.298	0.318	0.352	0.275	0.305	0.322	0.338	0.293	0.347	0.317	0.27	0.23	0.381	0.294	0.323	0.257	0.304	0.315	0.329	0.315	0.321	0.332	0.28	0.243	0.335	0.323	0.318	0.269	0.295	0.308	0.348	0.338	0.344	0.336	0.271	0.236	0.341	0.336	0.309	0.264	0.297	0.337	0.343	0.337	0.337	0.358	0.284	0.252	0.347	0.335	0.345	0.284	0.316	0.327
Plate_2	2	0.505	0.511	0.53	0.538	0.48	0.398	0.552	0.538	0.488	0.321	0.5	0.477	0.46	0.468	0.492	0.516	0.462	0.398	0.503	0.496	0.515	0.329	0.474	0.478	0.387	0.4	0.428	0.467	0.411	0.304	0.413	0.488	0.416	0.313	0.462	0.44	0.488	0.44	0.446	0.513	0.503	0.364	0.457	0.465	0.511	0.304	0.45	0.467	0.49	0.421	0.511	0.474	0.409	0.278	0.517	0.431	0.462	0.279	0.446	0.443	0.461	0.44	0.465	0.512	0.399	0.307	0.496	0.491	0.476	0.321	0.428	0.435	0.483	0.492	0.508	0.524	0.408	0.302	0.51	0.512	0.48	0.312	0.428	0.45	0.49	0.485	0.51	0.54	0.442	0.331	0.535	0.518	0.537	0.342	0.465	0.465
Plate_2	3	0.558	0.544	0.584	0.597	0.545	0.464	0.611	0.602	0.532	0.363	0.54	0.538	0.52	0.532	0.555	0.579	0.547	0.469	0.558	0.564	0.574	0.368	0.541	0.553	0.456	0.476	0.506	0.54	0.507	0.39	0.496	0.57	0.501	0.351	0.523	0.504	0.546	0.513	0.525	0.588	0.594	0.455	0.544	0.553	0.578	0.353	0.523	0.531	0.549	0.504	0.592	0.548	0.498	0.349	0.587	0.521	0.541	0.303	0.514	0.498	0.513	0.516	0.53	0.584	0.489	0.373	0.569	0.577	0.556	0.366	0.497	0.494	0.53	0.563	0.573	0.597	0.5	0.375	0.586	0.582	0.582	0.357	0.5	0.513	0.544	0.539	0.562	0.608	0.514	0.42	0.583	0.582	0.642	0.395	0.53	0.513
Plate_2	4	0.619	0.603	0.63	0.671	0.564	0.475	0.687	0.657	0.576	0.397	0.585	0.631	0.567	0.573	0.597	0.651	0.568	0.484	0.636	0.603	0.63	0.405	0.577	0.639	0.486	0.516	0.54	0.597	0.54	0.428	0.555	0.611	0.529	0.387	0.559	0.588	0.573	0.54	0.568	0.65	0.613	0.48	0.61	0.587	0.625	0.393	0.557	0.605	0.579	0.541	0.585	0.615	0.511	0.402	0.662	0.557	0.59	0.341	0.554	0.545	0.566	0.554	0.573	0.646	0.505	0.417	0.642	0.622	0.59	0.407	0.535	0.536	0.586	0.599	0.615	0.647	0.514	0.425	0.644	0.628	0.591	0.405	0.529	0.551	0.591	0.571	0.603	0.668	0.521	0.461	0.646	0.614	0.663	0.434	0.567	0.56
Plate_2	5	0.679	0.668	0.688	0.734	0.594	0.484	0.737	0.703	0.635	0.413	0.645	0.689	0.633	0.636	0.662	0.713	0.589	0.494	0.712	0.663	0.686	0.416	0.636	0.704	0.542	0.566	0.59	0.68	0.559	0.436	0.636	0.657	0.579	0.411	0.617	0.667	0.628	0.587	0.626	0.722	0.627	0.48	0.686	0.646	0.685	0.415	0.612	0.679	0.64	0.59	0.627	0.696	0.528	0.424	0.729	0.61	0.658	0.381	0.621	0.607	0.629	0.618	0.637	0.718	0.521	0.433	0.714	0.675	0.65	0.434	0.594	0.601	0.65	0.652	0.675	0.72	0.518	0.441	0.708	0.68	0.647	0.44	0.585	0.596	0.661	0.63	0.662	0.734	0.53	0.458	0.718	0.668	0.684	0.462	0.623	0.621
Plate_2	6	0.705	0.69	0.712	0.743	0.628	0.514	0.744	0.714	0.673	0.442	0.677	0.691	0.676	0.683	0.707	0.745	0.621	0.521	0.736	0.694	0.712	0.445	0.679	0.721	0.619	0.635	0.651	0.723	0.587	0.448	0.704	0.701	0.638	0.43	0.668	0.693	0.681	0.653	0.681	0.747	0.653	0.499	0.737	0.694	0.707	0.428	0.667	0.706	0.693	0.654	0.681	0.732	0.559	0.425	0.745	0.663	0.702	0.408	0.674	0.647	0.672	0.669	0.682	0.746	0.544	0.436	0.735	0.709	0.697	0.464	0.657	0.655	0.689	0.69	0.71	0.747	0.532	0.435	0.732	0.718	0.689	0.466	0.643	0.665	0.708	0.672	0.701	0.745	0.547	0.449	0.734	0.702	0.715	0.499	0.674	0.661
Plate_2	7	0.716	0.704	0.72	0.75	0.661	0.555	0.755	0.719	0.696	0.497	0.691	0.708	0.697	0.701	0.722	0.751	0.66	0.56	0.749	0.718	0.738	0.502	0.701	0.733	0.681	0.679	0.696	0.735	0.631	0.489	0.716	0.72	0.692	0.459	0.692	0.704	0.712	0.697	0.71	0.753	0.681	0.535	0.749	0.725	0.719	0.469	0.701	0.708	0.719	0.684	0.708	0.737	0.589	0.444	0.754	0.698	0.725	0.429	0.702	0.671	0.692	0.691	0.704	0.749	0.574	0.452	0.744	0.73	0.73	0.505	0.69	0.681	0.704	0.7	0.723	0.746	0.563	0.444	0.736	0.729	0.723	0.508	0.683	0.706	0.726	0.688	0.716	0.746	0.575	0.468	0.738	0.714	0.726	0.538	0.696	0.674
Plate_2	8	0.732	0.72	0.734	0.766	0.667	0.584	0.774	0.736	0.707	0.57	0.701	0.728	0.709	0.714	0.728	0.764	0.679	0.599	0.764	0.719	0.75	0.577	0.71	0.752	0.69	0.693	0.705	0.754	0.663	0.538	0.736	0.726	0.709	0.514	0.695	0.719	0.719	0.704	0.718	0.773	0.696	0.581	0.764	0.732	0.733	0.533	0.706	0.73	0.731	0.691	0.715	0.749	0.622	0.476	0.771	0.705	0.737	0.472	0.706	0.679	0.711	0.7	0.715	0.759	0.61	0.48	0.763	0.736	0.742	0.559	0.697	0.687	0.722	0.71	0.733	0.759	0.601	0.469	0.754	0.737	0.735	0.558	0.69	0.692	0.74	0.701	0.724	0.765	0.61	0.49	0.756	0.723	0.738	0.59	0.7	0.684
Plate_2	9	0.743	0.735	0.745	0.779	0.68	0.603	0.783	0.747	0.716	0.613	0.716	0.738	0.723	0.724	0.742	0.778	0.687	0.612	0.783	0.732	0.753	0.626	0.726	0.766	0.707	0.71	0.716	0.767	0.661	0.585	0.755	0.741	0.718	0.589	0.711	0.735	0.731	0.716	0.731	0.786	0.703	0.605	0.779	0.745	0.741	0.602	0.718	0.743	0.744	0.705	0.73	0.764	0.637	0.513	0.785	0.718	0.745	0.532	0.719	0.695	0.726	0.712	0.728	0.776	0.625	0.515	0.782	0.753	0.748	0.62	0.709	0.7	0.734	0.726	0.745	0.773	0.622	0.501	0.765	0.749	0.736	0.618	0.703	0.731	0.752	0.717	0.736	0.777	0.624	0.52	0.769	0.736	0.744	0.64	0.715	0.699
Plate_2	10	0.752	0.743	0.756	0.785	0.692	0.622	0.79	0.758	0.722	0.63	0.728	0.747	0.734	0.738	0.752	0.79	0.697	0.632	0.794	0.746	0.762	0.64	0.734	0.772	0.725	0.72	0.731	0.782	0.679	0.599	0.77	0.755	0.728	0.639	0.721	0.744	0.745	0.733	0.744	0.803	0.717	0.622	0.795	0.759	0.751	0.631	0.73	0.753	0.757	0.722	0.744	0.778	0.651	0.537	0.797	0.734	0.752	0.591	0.73	0.705	0.741	0.726	0.738	0.788	0.64	0.54	0.792	0.76	0.754	0.65	0.718	0.713	0.748	0.732	0.756	0.784	0.634	0.527	0.779	0.761	0.743	0.645	0.715	0.744	0.764	0.729	0.75	0.79	0.639	0.538	0.783	0.751	0.75	0.655	0.726	0.71
Plate_2	11	0.758	0.748	0.763	0.79	0.692	0.632	0.793	0.762	0.726	0.642	0.733	0.753	0.741	0.744	0.761	0.792	0.701	0.644	0.805	0.757	0.768	0.643	0.738	0.776	0.738	0.732	0.743	0.788	0.688	0.618	0.78	0.765	0.734	0.645	0.73	0.749	0.753	0.74	0.751	0.813	0.733	0.641	0.8	0.773	0.757	0.636	0.738	0.761	0.767	0.729	0.751	0.787	0.662	0.558	0.801	0.743	0.755	0.617	0.737	0.713	0.747	0.733	0.748	0.797	0.65	0.557	0.794	0.772	0.76	0.661	0.729	0.721	0.753	0.742	0.763	0.794	0.646	0.545	0.791	0.766	0.745	0.648	0.727	0.752	0.772	0.738	0.756	0.796	0.652	0.561	0.791	0.757	0.752	0.66	0.732	0.716
Plate_2	12	0.761	0.751	0.767	0.796	0.694	0.637	0.795	0.766	0.727	0.652	0.736	0.754	0.746	0.747	0.763	0.795	0.708	0.654	0.806	0.76	0.769	0.648	0.738	0.777	0.746	0.738	0.748	0.795	0.694	0.636	0.785	0.769	0.741	0.649	0.736	0.752	0.756	0.746	0.757	0.817	0.734	0.653	0.806	0.777	0.757	0.64	0.743	0.766	0.769	0.735	0.759	0.79	0.667	0.58	0.808	0.747	0.757	0.634	0.744	0.718	0.75	0.738	0.753	0.801	0.661	0.577	0.799	0.774	0.761	0.667	0.735	0.727	0.757	0.747	0.766	0.799	0.656	0.567	0.791	0.77	0.746	0.654	0.731	0.761	0.775	0.741	0.759	0.799	0.658	0.581	0.796	0.763	0.754	0.663	0.739	0.721
Plate_2	13	0.76	0.751	0.767	0.794	0.695	0.64	0.794	0.764	0.73	0.661	0.737	0.755	0.746	0.749	0.765	0.795	0.71	0.658	0.807	0.767	0.769	0.657	0.744	0.782	0.75	0.741	0.749	0.794	0.7	0.648	0.79	0.777	0.75	0.653	0.738	0.753	0.758	0.751	0.761	0.82	0.736	0.662	0.81	0.784	0.757	0.644	0.745	0.769	0.771	0.739	0.762	0.793	0.671	0.598	0.807	0.753	0.757	0.642	0.746	0.722	0.754	0.741	0.755	0.809	0.666	0.595	0.801	0.776	0.762	0.67	0.74	0.732	0.76	0.749	0.77	0.802	0.661	0.587	0.797	0.773	0.752	0.657	0.735	0.764	0.776	0.746	0.761	0.803	0.661	0.595	0.799	0.762	0.754	0.666	0.74	0.724
Plate_2	14	0.759	0.75	0.767	0.792	0.691	0.639	0.793	0.764	0.727	0.669	0.736	0.755	0.747	0.749	0.764	0.795	0.71	0.657	0.803	0.764	0.768	0.662	0.742	0.78	0.751	0.742	0.749	0.795	0.699	0.655	0.793	0.777	0.75	0.658	0.737	0.752	0.758	0.752	0.762	0.817	0.732	0.665	0.811	0.781	0.756	0.649	0.746	0.768	0.769	0.739	0.761	0.797	0.67	0.61	0.806	0.752	0.756	0.645	0.747	0.721	0.755	0.743	0.754	0.807	0.666	0.605	0.803	0.775	0.764	0.672	0.741	0.733	0.76	0.748	0.769	0.803	0.662	0.6	0.799	0.773	0.751	0.659	0.737	0.767	0.773	0.748	0.762	0.802	0.659	0.603	0.799	0.762	0.752	0.668	0.74	0.724
Plate_2	15	0.757	0.747	0.765	0.791	0.688	0.636	0.791	0.762	0.726	0.677	0.735	0.755	0.746	0.747	0.762	0.797	0.707	0.657	0.806	0.762	0.765	0.669	0.74	0.78	0.753	0.744	0.75	0.796	0.698	0.659	0.796	0.774	0.75	0.663	0.737	0.752	0.757	0.751	0.761	0.817	0.728	0.665	0.812	0.781	0.753	0.655	0.745	0.769	0.769	0.739	0.761	0.796	0.668	0.619	0.805	0.753	0.753	0.651	0.747	0.724	0.755	0.74	0.753	0.809	0.664	0.614	0.801	0.774	0.759	0.676	0.742	0.733	0.759	0.749	0.768	0.805	0.659	0.607	0.798	0.772	0.751	0.661	0.737	0.769	0.771	0.75	0.763	0.802	0.656	0.607	0.8	0.763	0.75	0.67	0.739	0.726
Plate_2	16	0.755	0.746	0.762	0.789	0.684	0.632	0.789	0.762	0.722	0.683	0.733	0.757	0.745	0.744	0.759	0.795	0.703	0.656	0.806	0.76	0.763	0.674	0.738	0.777	0.753	0.742	0.749	0.796	0.696	0.659	0.795	0.771	0.751	0.671	0.735	0.751	0.756	0.751	0.759	0.816	0.725	0.665	0.808	0.776	0.751	0.661	0.746	0.769	0.767	0.738	0.758	0.796	0.663	0.619	0.802	0.75	0.751	0.655	0.746	0.723	0.756	0.742	0.752	0.808	0.659	0.617	0.797	0.772	0.757	0.676	0.741	0.733	0.763	0.747	0.766	0.805	0.658	0.611	0.798	0.771	0.748	0.663	0.737	0.769	0.773	0.753	0.763	0.8	0.652	0.608	0.802	0.762	0.748	0.671	0.74	0.727
Plate_2	17	0.751	0.744	0.759	0.79	0.68	0.628	0.783	0.759	0.724	0.688	0.735	0.757	0.741	0.742	0.756	0.795	0.698	0.652	0.803	0.755	0.76	0.677	0.737	0.776	0.751	0.741	0.748	0.796	0.693	0.656	0.794	0.768	0.745	0.676	0.733	0.753	0.755	0.75	0.758	0.815	0.727	0.662	0.806	0.775	0.752	0.666	0.743	0.768	0.765	0.737	0.758	0.794	0.653	0.621	0.8	0.748	0.75	0.659	0.745	0.723	0.758	0.74	0.75	0.807	0.654	0.617	0.795	0.77	0.752	0.676	0.74	0.734	0.764	0.748	0.763	0.804	0.653	0.61	0.797	0.77	0.745	0.662	0.737	0.769	0.769	0.754	0.763	0.799	0.646	0.606	0.802	0.763	0.747	0.671	0.74	0.73
Plate_2	18	0.749	0.744	0.757	0.786	0.677	0.625	0.779	0.757	0.724	0.69	0.735	0.76	0.74	0.741	0.754	0.79	0.696	0.649	0.799	0.754	0.757	0.678	0.737	0.772	0.75	0.738	0.747	0.79	0.688	0.653	0.79	0.767	0.744	0.681	0.733	0.752	0.754	0.75	0.755	0.808	0.726	0.664	0.803	0.771	0.751	0.669	0.741	0.767	0.765	0.737	0.754	0.794	0.65	0.619	0.797	0.747	0.748	0.662	0.742	0.724	0.76	0.742	0.75	0.807	0.65	0.616	0.793	0.766	0.752	0.674	0.739	0.733	0.762	0.748	0.762	0.804	0.65	0.609	0.796	0.768	0.743	0.662	0.736	0.771	0.768	0.756	0.762	0.799	0.642	0.602	0.804	0.765	0.747	0.672	0.74	0.734
Plate_2	19	0.749	0.746	0.757	0.784	0.672	0.62	0.778	0.754	0.722	0.69	0.736	0.767	0.741	0.74	0.754	0.787	0.692	0.644	0.796	0.75	0.754	0.679	0.735	0.772	0.747	0.737	0.749	0.787	0.685	0.648	0.789	0.761	0.743	0.682	0.732	0.752	0.753	0.749	0.753	0.804	0.72	0.658	0.8	0.764	0.745	0.671	0.737	0.77	0.767	0.738	0.751	0.797	0.647	0.614	0.792	0.742	0.744	0.663	0.738	0.722	0.764	0.742	0.748	0.806	0.646	0.61	0.789	0.761	0.747	0.673	0.737	0.734	0.762	0.749	0.761	0.802	0.645	0.604	0.793	0.769	0.742	0.663	0.734	0.77	0.769	0.759	0.765	0.794	0.638	0.596	0.804	0.767	0.745	0.671	0.741	0.736
Plate_2	20	0.748	0.744	0.758	0.789	0.668	0.618	0.779	0.758	0.722	0.691	0.737	0.772	0.742	0.741	0.754	0.786	0.691	0.641	0.795	0.75	0.754	0.678	0.734	0.773	0.746	0.739	0.747	0.785	0.683	0.645	0.786	0.76	0.741	0.685	0.733	0.751	0.752	0.751	0.753	0.801	0.718	0.654	0.799	0.767	0.745	0.672	0.742	0.771	0.767	0.738	0.749	0.796	0.645	0.611	0.792	0.743	0.747	0.665	0.742	0.725	0.767	0.743	0.746	0.804	0.642	0.605	0.789	0.763	0.75	0.671	0.736	0.74	0.766	0.751	0.76	0.802	0.639	0.597	0.791	0.77	0.742	0.663	0.738	0.772	0.769	0.762	0.767	0.797	0.633	0.588	0.807	0.768	0.748	0.67	0.744	0.739
Plate_2	21	0.75	0.745	0.754	0.792	0.667	0.614	0.777	0.758	0.723	0.689	0.738	0.775	0.744	0.74	0.753	0.782	0.687	0.635	0.792	0.748	0.753	0.677	0.734	0.776	0.746	0.74	0.749	0.784	0.679	0.64	0.782	0.758	0.739	0.684	0.733	0.754	0.754	0.751	0.752	0.8	0.713	0.65	0.796	0.766	0.743	0.673	0.742	0.769	0.767	0.74	0.75	0.794	0.64	0.603	0.79	0.744	0.744	0.666	0.742	0.726	0.769	0.744	0.748	0.803	0.637	0.597	0.784	0.763	0.75	0.668	0.737	0.74	0.768	0.753	0.763	0.805	0.634	0.589	0.791	0.768	0.741	0.662	0.739	0.774	0.771	0.765	0.77	0.801	0.628	0.581	0.811	0.769	0.748	0.668	0.745	0.741
Plate_2	22	0.75	0.747	0.757	0.797	0.663	0.61	0.779	0.757	0.723	0.687	0.739	0.779	0.747	0.74	0.755	0.781	0.686	0.631	0.789	0.747	0.75	0.675	0.736	0.774	0.746	0.74	0.746	0.782	0.673	0.638	0.781	0.756	0.738	0.685	0.733	0.757	0.754	0.754	0.754	0.799	0.711	0.645	0.794	0.765	0.743	0.672	0.742	0.773	0.771	0.741	0.751	0.797	0.633	0.595	0.791	0.744	0.745	0.665	0.743	0.729	0.771	0.747	0.749	0.805	0.632	0.589	0.785	0.762	0.753	0.666	0.738	0.744	0.77	0.754	0.764	0.806	0.629	0.581	0.792	0.77	0.742	0.66	0.741	0.778	0.773	0.766	0.773	0.803	0.623	0.572	0.813	0.771	0.748	0.666	0.745	0.744
Plate_2	23	0.753	0.751	0.756	0.794	0.66	0.606	0.78	0.758	0.724	0.684	0.739	0.783	0.749	0.742	0.756	0.784	0.685	0.626	0.785	0.745	0.747	0.673	0.738	0.779	0.748	0.742	0.749	0.78	0.669	0.634	0.781	0.756	0.736	0.682	0.734	0.761	0.756	0.757	0.754	0.797	0.706	0.641	0.795	0.767	0.742	0.672	0.743	0.776	0.773	0.743	0.752	0.798	0.629	0.59	0.794	0.745	0.744	0.665	0.744	0.731	0.774	0.748	0.75	0.806	0.628	0.581	0.786	0.763	0.747	0.664	0.74	0.745	0.773	0.755	0.765	0.808	0.624	0.574	0.793	0.772	0.741	0.66	0.741	0.771	0.774	0.77	0.777	0.807	0.619	0.565	0.817	0.773	0.749	0.665	0.749	0.747
Plate_3	0	0.232	0.23	0.232	0.217	0.243	0.226	0.248	0.24	0.233	0.238	0.239	0.239	0.231	0.214	0.23	0.204	0.221	0.22	0.223	0.228	0.219	0.221	0.215	0.219	0.236	0.239	0.224	0.217	0.239	0.232	0.238	0.246	0.239	0.241	0.225	0.237	0.236	0.231	0.229	0.224	0.235	0.234	0.229	0.237	0.233	0.229	0.212	0.235	0.244	0.235	0.223	0.217	0.232	0.225	0.238	0.226	0.228	0.225	0.208	0.223	0.256	0.229	0.221	0.212	0.238	0.227	0.223	0.236	0.222	0.24	0.211	0.233	0.258	0.227	0.225	0.228	0.229	0.234	0.24	0.239	0.225	0.233	0.212	0.274	0.245	0.232	0.228	0.213	0.226	0.215	0.237	0.239	0.227	0.233	0.217	0.242
Plate_3	1	0.294	0.289	0.249	0.245	0.32	0.286	0.346	0.313	0.315	0.325	0.302	0.317	0.289	0.259	0.271	0.224	0.27	0.275	0.277	0.285	0.27	0.281	0.264	0.274	0.296	0.308	0.257	0.24	0.303	0.295	0.314	0.327	0.324	0.315	0.283	0.312	0.291	0.298	0.27	0.255	0.288	0.295	0.295	0.3	0.295	0.285	0.259	0.301	0.31	0.3	0.255	0.233	0.291	0.293	0.303	0.282	0.287	0.282	0.232	0.281	0.335	0.286	0.254	0.228	0.296	0.281	0.275	0.292	0.273	0.287	0.237	0.298	0.329	0.281	0.257	0.247	0.288	0.281	0.304	0.325	0.278	0.288	0.238	0.341	0.318	0.299	0.266	0.232	0.29	0.268	0.291	0.312	0.258	0.289	0.239	0.307
Plate_3	2	0.385	0.392	0.299	0.301	0.461	0.404	0.507	0.472	0.475	0.483	0.419	0.464	0.394	0.343	0.357	0.256	0.378	0.409	0.405	0.407	0.38	0.404	0.352	0.389	0.397	0.441	0.315	0.28	0.444	0.445	0.477	0.506	0.49	0.477	0.394	0.447	0.401	0.446	0.374	0.32	0.418	0.447	0.447	0.465	0.434	0.432	0.347	0.443	0.428	0.431	0.326	0.264	0.422	0.445	0.445	0.41	0.418	0.425	0.267	0.402	0.474	0.394	0.331	0.257	0.425	0.403	0.391	0.415	0.384	0.39	0.275	0.418	0.469	0.403	0.341	0.28	0.432	0.398	0.439	0.523	0.394	0.408	0.276	0.486	0.472	0.445	0.335	0.256	0.361	0.365	0.397	0.456	0.352	0.435	0.274	0.438
Plate_3	3	0.445	0.455	0.369	0.377	0.516	0.476	0.565	0.537	0.53	0.542	0.476	0.527	0.462	0.417	0.439	0.314	0.461	0.49	0.489	0.486	0.464	0.477	0.413	0.465	0.457	0.525	0.401	0.351	0.526	0.526	0.543	0.581	0.554	0.548	0.462	0.523	0.474	0.526	0.487	0.418	0.507	0.539	0.533	0.562	0.516	0.517	0.422	0.515	0.493	0.506	0.42	0.327	0.5	0.525	0.53	0.499	0.5	0.507	0.305	0.475	0.542	0.463	0.424	0.311	0.497	0.474	0.474	0.497	0.46	0.47	0.313	0.483	0.538	0.486	0.451	0.338	0.512	0.482	0.521	0.615	0.471	0.491	0.313	0.563	0.532	0.551	0.405	0.298	0.416	0.446	0.517	0.52	0.432	0.541	0.309	0.51
Plate_3	4	0.479	0.506	0.418	0.422	0.577	0.518	0.624	0.577	0.569	0.59	0.513	0.623	0.493	0.454	0.486	0.368	0.499	0.518	0.526	0.514	0.487	0.517	0.441	0.542	0.49	0.576	0.451	0.409	0.571	0.561	0.586	0.619	0.589	0.587	0.486	0.619	0.5	0.566	0.535	0.466	0.548	0.572	0.565	0.598	0.543	0.544	0.448	0.598	0.52	0.544	0.464	0.374	0.544	0.546	0.576	0.536	0.522	0.535	0.338	0.515	0.581	0.506	0.464	0.354	0.541	0.501	0.519	0.536	0.482	0.513	0.345	0.533	0.573	0.518	0.492	0.384	0.552	0.502	0.571	0.66	0.499	0.53	0.345	0.628	0.565	0.575	0.447	0.337	0.46	0.477	0.573	0.554	0.451	0.582	0.339	0.566
Plate_3	5	0.55	0.577	0.474	0.46	0.651	0.577	0.683	0.633	0.616	0.654	0.576	0.711	0.558	0.513	0.549	0.403	0.563	0.564	0.587	0.566	0.53	0.571	0.49	0.647	0.558	0.64	0.508	0.447	0.638	0.615	0.648	0.674	0.636	0.643	0.539	0.7	0.55	0.62	0.589	0.505	0.604	0.614	0.621	0.642	0.585	0.594	0.492	0.686	0.574	0.611	0.507	0.401	0.608	0.575	0.64	0.589	0.555	0.588	0.364	0.58	0.642	0.579	0.504	0.38	0.601	0.54	0.582	0.592	0.516	0.573	0.372	0.605	0.635	0.571	0.531	0.408	0.616	0.529	0.641	0.705	0.534	0.592	0.373	0.698	0.625	0.619	0.494	0.365	0.523	0.516	0.643	0.613	0.48	0.63	0.362	0.638
Plate_3	6	0.628	0.639	0.55	0.517	0.693	0.634	0.703	0.676	0.66	0.69	0.629	0.72	0.627	0.586	0.613	0.448	0.629	0.617	0.65	0.622	0.586	0.632	0.554	0.7	0.63	0.695	0.581	0.501	0.691	0.661	0.699	0.71	0.675	0.687	0.602	0.71	0.621	0.68	0.654	0.562	0.664	0.659	0.679	0.694	0.63	0.653	0.555	0.708	0.642	0.666	0.565	0.434	0.668	0.615	0.692	0.641	0.605	0.644	0.406	0.643	0.697	0.642	0.564	0.411	0.661	0.582	0.646	0.642	0.558	0.629	0.418	0.659	0.694	0.639	0.589	0.445	0.677	0.567	0.696	0.727	0.583	0.652	0.418	0.717	0.687	0.671	0.559	0.409	0.593	0.559	0.704	0.669	0.527	0.688	0.396	0.7
Plate_3	7	0.671	0.669	0.626	0.587	0.71	0.666	0.714	0.689	0.683	0.704	0.66	0.733	0.671	0.645	0.668	0.518	0.679	0.659	0.691	0.662	0.64	0.667	0.61	0.704	0.666	0.715	0.649	0.572	0.713	0.684	0.716	0.719	0.69	0.703	0.642	0.716	0.671	0.706	0.708	0.626	0.702	0.686	0.709	0.726	0.668	0.691	0.612	0.71	0.687	0.695	0.625	0.498	0.701	0.642	0.718	0.678	0.652	0.679	0.46	0.675	0.712	0.671	0.624	0.474	0.695	0.616	0.679	0.666	0.602	0.665	0.471	0.679	0.716	0.691	0.653	0.511	0.711	0.605	0.716	0.726	0.624	0.688	0.47	0.726	0.714	0.698	0.631	0.47	0.645	0.599	0.733	0.695	0.585	0.702	0.445	0.729
Plate_3	8	0.684	0.683	0.657	0.646	0.725	0.677	0.727	0.695	0.694	0.716	0.676	0.754	0.682	0.659	0.695	0.595	0.688	0.67	0.697	0.67	0.661	0.676	0.636	0.726	0.68	0.726	0.689	0.641	0.721	0.691	0.725	0.723	0.696	0.707	0.66	0.736	0.683	0.714	0.738	0.68	0.712	0.697	0.712	0.732	0.682	0.703	0.643	0.729	0.701	0.703	0.675	0.568	0.719	0.654	0.724	0.687	0.687	0.689	0.514	0.681	0.721	0.683	0.673	0.54	0.709	0.634	0.686	0.675	0.631	0.68	0.524	0.689	0.726	0.7	0.706	0.577	0.721	0.629	0.721	0.723	0.653	0.695	0.523	0.741	0.724	0.703	0.682	0.542	0.657	0.623	0.741	0.698	0.628	0.704	0.498	0.727
Plate_3	9	0.702	0.699	0.672	0.677	0.739	0.691	0.739	0.706	0.707	0.73	0.692	0.768	0.695	0.673	0.714	0.646	0.701	0.682	0.71	0.683	0.672	0.688	0.651	0.741	0.696	0.738	0.707	0.679	0.733	0.703	0.736	0.732	0.706	0.722	0.676	0.751	0.693	0.725	0.755	0.712	0.723	0.705	0.722	0.736	0.69	0.709	0.654	0.746	0.712	0.713	0.702	0.631	0.735	0.665	0.736	0.695	0.683	0.698	0.562	0.695	0.734	0.698	0.699	0.6	0.724	0.644	0.7	0.687	0.644	0.692	0.568	0.703	0.739	0.71	0.732	0.634	0.733	0.638	0.733	0.729	0.663	0.707	0.571	0.755	0.737	0.719	0.708	0.608	0.673	0.636	0.751	0.71	0.64	0.717	0.552	0.742
Plate_3	10	0.714	0.714	0.692	0.705	0.746	0.703	0.749	0.716	0.719	0.742	0.704	0.777	0.711	0.688	0.73	0.672	0.717	0.697	0.723	0.695	0.687	0.702	0.668	0.754	0.711	0.75	0.725	0.709	0.744	0.715	0.748	0.742	0.719	0.736	0.689	0.761	0.709	0.738	0.772	0.74	0.735	0.715	0.733	0.745	0.703	0.723	0.671	0.759	0.727	0.727	0.725	0.68	0.747	0.676	0.746	0.706	0.695	0.713	0.592	0.709	0.747	0.712	0.722	0.648	0.737	0.656	0.713	0.698	0.656	0.705	0.591	0.716	0.752	0.724	0.755	0.679	0.749	0.652	0.745	0.738	0.677	0.721	0.6	0.764	0.748	0.734	0.734	0.657	0.686	0.65	0.765	0.724	0.658	0.731	0.592	0.755
Plate_3	11	0.723	0.723	0.707	0.725	0.752	0.713	0.755	0.725	0.729	0.75	0.711	0.785	0.721	0.703	0.741	0.7	0.729	0.707	0.734	0.707	0.701	0.714	0.68	0.765	0.723	0.761	0.741	0.735	0.754	0.725	0.757	0.75	0.729	0.742	0.699	0.772	0.72	0.748	0.785	0.76	0.748	0.728	0.746	0.758	0.716	0.735	0.684	0.768	0.739	0.737	0.742	0.721	0.761	0.689	0.758	0.718	0.704	0.723	0.604	0.722	0.755	0.722	0.738	0.689	0.751	0.668	0.726	0.709	0.671	0.716	0.603	0.726	0.761	0.731	0.774	0.723	0.759	0.665	0.757	0.747	0.691	0.734	0.612	0.773	0.757	0.742	0.752	0.704	0.7	0.663	0.782	0.736	0.673	0.742	0.611	0.762
Plate_3	12	0.73	0.729	0.715	0.737	0.756	0.716	0.757	0.727	0.734	0.752	0.716	0.789	0.727	0.712	0.747	0.719	0.734	0.712	0.739	0.715	0.71	0.719	0.689	0.77	0.73	0.765	0.751	0.753	0.759	0.731	0.766	0.754	0.737	0.749	0.706	0.774	0.729	0.756	0.793	0.772	0.754	0.735	0.751	0.765	0.725	0.742	0.691	0.774	0.744	0.745	0.753	0.763	0.768	0.696	0.764	0.726	0.708	0.729	0.616	0.73	0.76	0.729	0.747	0.727	0.756	0.677	0.733	0.715	0.679	0.724	0.614	0.733	0.767	0.739	0.785	0.758	0.769	0.674	0.762	0.752	0.701	0.739	0.624	0.777	0.761	0.748	0.762	0.746	0.709	0.672	0.788	0.743	0.686	0.749	0.623	0.767
Plate_3	13	0.733	0.732	0.721	0.743	0.754	0.722	0.759	0.73	0.736	0.757	0.72	0.794	0.731	0.719	0.75	0.732	0.743	0.717	0.745	0.721	0.718	0.724	0.693	0.774	0.735	0.77	0.758	0.763	0.765	0.735	0.77	0.76	0.74	0.753	0.71	0.78	0.734	0.761	0.798	0.778	0.759	0.739	0.757	0.769	0.727	0.747	0.698	0.777	0.75	0.75	0.757	0.787	0.772	0.7	0.769	0.733	0.714	0.734	0.626	0.734	0.764	0.732	0.752	0.748	0.761	0.682	0.74	0.72	0.687	0.728	0.624	0.737	0.77	0.744	0.789	0.775	0.773	0.68	0.767	0.75	0.707	0.743	0.634	0.779	0.764	0.753	0.767	0.768	0.715	0.676	0.791	0.747	0.691	0.754	0.634	0.771
Plate_3	14	0.734	0.734	0.723	0.744	0.751	0.721	0.757	0.729	0.734	0.755	0.721	0.795	0.732	0.722	0.751	0.737	0.741	0.719	0.749	0.722	0.72	0.728	0.697	0.779	0.738	0.77	0.76	0.767	0.766	0.738	0.773	0.76	0.74	0.752	0.712	0.781	0.737	0.764	0.799	0.781	0.762	0.74	0.762	0.773	0.731	0.748	0.702	0.78	0.752	0.75	0.758	0.798	0.771	0.702	0.771	0.736	0.711	0.735	0.634	0.737	0.764	0.734	0.752	0.755	0.763	0.684	0.742	0.722	0.69	0.731	0.631	0.74	0.772	0.748	0.789	0.779	0.776	0.684	0.769	0.752	0.709	0.746	0.643	0.781	0.765	0.753	0.767	0.773	0.72	0.679	0.786	0.75	0.695	0.755	0.643	0.77
Plate_3	15	0.734	0.732	0.723	0.743	0.748	0.719	0.754	0.728	0.731	0.754	0.722	0.794	0.734	0.722	0.749	0.739	0.742	0.717	0.746	0.72	0.719	0.726	0.698	0.779	0.739	0.769	0.761	0.769	0.765	0.734	0.771	0.758	0.738	0.752	0.713	0.781	0.737	0.765	0.797	0.78	0.757	0.738	0.761	0.771	0.729	0.748	0.704	0.781	0.753	0.749	0.756	0.798	0.772	0.699	0.77	0.738	0.71	0.736	0.638	0.739	0.764	0.735	0.75	0.751	0.763	0.685	0.743	0.723	0.691	0.731	0.634	0.741	0.772	0.748	0.786	0.771	0.776	0.684	0.769	0.75	0.708	0.746	0.646	0.781	0.765	0.753	0.765	0.764	0.723	0.679	0.778	0.75	0.695	0.755	0.65	0.768
Plate_3	16	0.731	0.733	0.723	0.738	0.748	0.718	0.753	0.727	0.729	0.752	0.723	0.795	0.733	0.723	0.747	0.737	0.74	0.714	0.745	0.72	0.719	0.726	0.7	0.779	0.739	0.766	0.76	0.768	0.763	0.731	0.768	0.755	0.737	0.752	0.715	0.782	0.742	0.761	0.795	0.777	0.756	0.735	0.759	0.769	0.726	0.749	0.704	0.782	0.753	0.747	0.753	0.789	0.769	0.7	0.769	0.738	0.706	0.735	0.642	0.74	0.762	0.735	0.746	0.741	0.764	0.685	0.743	0.722	0.688	0.731	0.636	0.742	0.771	0.748	0.781	0.759	0.776	0.684	0.767	0.75	0.707	0.745	0.649	0.781	0.764	0.75	0.763	0.75	0.726	0.68	0.777	0.751	0.697	0.754	0.653	0.767
Plate_3	17	0.734	0.732	0.721	0.731	0.752	0.717	0.752	0.725	0.726	0.75	0.724	0.794	0.734	0.724	0.746	0.734	0.741	0.714	0.744	0.72	0.717	0.724	0.703	0.779	0.741	0.765	0.759	0.764	0.763	0.728	0.768	0.755	0.733	0.75	0.717	0.783	0.742	0.759	0.793	0.771	0.757	0.732	0.759	0.766	0.726	0.747	0.705	0.785	0.754	0.745	0.748	0.777	0.771	0.696	0.769	0.737	0.702	0.734	0.644	0.74	0.764	0.734	0.742	0.729	0.765	0.683	0.744	0.723	0.686	0.731	0.638	0.744	0.77	0.747	0.776	0.749	0.775	0.683	0.766	0.75	0.706	0.745	0.65	0.782	0.765	0.75	0.759	0.74	0.729	0.68	0.776	0.752	0.696	0.753	0.656	0.767
Plate_3	18	0.734	0.732	0.722	0.724	0.752	0.716	0.754	0.728	0.726	0.752	0.725	0.795	0.735	0.726	0.744	0.728	0.738	0.711	0.743	0.719	0.716	0.724	0.704	0.78	0.744	0.764	0.759	0.758	0.76	0.727	0.765	0.753	0.732	0.75	0.718	0.783	0.745	0.757	0.791	0.765	0.757	0.73	0.757	0.764	0.722	0.746	0.705	0.785	0.753	0.745	0.743	0.767	0.767	0.693	0.768	0.736	0.698	0.732	0.645	0.743	0.763	0.735	0.737	0.719	0.764	0.68	0.743	0.722	0.685	0.731	0.638	0.748	0.774	0.747	0.77	0.74	0.774	0.683	0.765	0.749	0.706	0.746	0.651	0.784	0.766	0.749	0.755	0.73	0.732	0.679	0.786	0.755	0.696	0.75	0.657	0.767
Plate_3	19	0.736	0.732	0.721	0.718	0.752	0.714	0.754	0.727	0.726	0.758	0.725	0.792	0.736	0.726	0.743	0.721	0.738	0.71	0.741	0.72	0.714	0.723	0.706	0.779	0.745	0.762	0.757	0.752	0.76	0.724	0.764	0.751	0.729	0.748	0.718	0.781	0.747	0.756	0.787	0.758	0.754	0.729	0.754	0.765	0.72	0.745	0.706	0.784	0.757	0.744	0.738	0.755	0.764	0.689	0.768	0.735	0.693	0.732	0.645	0.745	0.764	0.735	0.731	0.71	0.762	0.679	0.742	0.723	0.684	0.732	0.638	0.75	0.774	0.747	0.766	0.734	0.774	0.683	0.765	0.748	0.706	0.747	0.65	0.786	0.767	0.749	0.753	0.724	0.735	0.679	0.783	0.756	0.698	0.751	0.657	0.768
Plate_3	20	0.74	0.734	0.721	0.711	0.749	0.718	0.756	0.729	0.729	0.759	0.727	0.798	0.739	0.729	0.742	0.714	0.74	0.709	0.741	0.721	0.715	0.724	0.707	0.782	0.748	0.763	0.756	0.745	0.76	0.725	0.763	0.75	0.73	0.749	0.719	0.778	0.749	0.751	0.786	0.751	0.754	0.73	0.754	0.764	0.72	0.746	0.707	0.786	0.759	0.743	0.734	0.748	0.762	0.689	0.765	0.734	0.691	0.734	0.646	0.75	0.765	0.736	0.727	0.705	0.761	0.677	0.743	0.725	0.68	0.733	0.638	0.752	0.776	0.749	0.762	0.729	0.773	0.681	0.766	0.75	0.707	0.748	0.65	0.786	0.768	0.749	0.749	0.718	0.737	0.679	0.78	0.759	0.699	0.754	0.657	0.77
Plate_3	21	0.74	0.736	0.721	0.704	0.749	0.719	0.757	0.73	0.73	0.762	0.728	0.798	0.742	0.73	0.742	0.706	0.739	0.71	0.743	0.724	0.718	0.723	0.708	0.782	0.75	0.765	0.756	0.739	0.758	0.725	0.763	0.751	0.729	0.749	0.719	0.782	0.751	0.751	0.784	0.744	0.754	0.731	0.754	0.765	0.72	0.747	0.708	0.791	0.761	0.744	0.73	0.741	0.759	0.685	0.764	0.731	0.689	0.734	0.646	0.752	0.767	0.737	0.724	0.7	0.759	0.673	0.744	0.727	0.679	0.734	0.638	0.756	0.778	0.749	0.759	0.724	0.773	0.681	0.767	0.751	0.706	0.75	0.651	0.791	0.769	0.75	0.746	0.714	0.738	0.682	0.776	0.761	0.7	0.756	0.658	0.771
Plate_3	22	0.742	0.736	0.721	0.699	0.752	0.719	0.76	0.732	0.732	0.763	0.729	0.801	0.742	0.733	0.742	0.7	0.739	0.709	0.743	0.726	0.717	0.727	0.709	0.784	0.752	0.763	0.756	0.733	0.757	0.724	0.763	0.75	0.728	0.751	0.719	0.786	0.752	0.753	0.783	0.737	0.752	0.73	0.755	0.763	0.72	0.748	0.709	0.796	0.761	0.745	0.726	0.736	0.757	0.683	0.767	0.733	0.689	0.736	0.646	0.754	0.768	0.74	0.721	0.694	0.757	0.673	0.744	0.729	0.678	0.737	0.639	0.757	0.778	0.752	0.756	0.72	0.771	0.683	0.769	0.752	0.707	0.752	0.653	0.792	0.77	0.751	0.744	0.708	0.74	0.68	0.776	0.764	0.703	0.757	0.658	0.774
Plate_3	23	0.744	0.741	0.722	0.696	0.755	0.721	0.764	0.736	0.737	0.766	0.731	0.804	0.746	0.736	0.742	0.694	0.741	0.709	0.744	0.728	0.719	0.729	0.711	0.785	0.753	0.766	0.757	0.728	0.756	0.724	0.762	0.75	0.73	0.752	0.722	0.785	0.755	0.755	0.782	0.733	0.75	0.729	0.755	0.762	0.72	0.75	0.709	0.799	0.764	0.747	0.724	0.732	0.756	0.681	0.769	0.736	0.686	0.737	0.648	0.757	0.77	0.743	0.719	0.691	0.755	0.672	0.747	0.73	0.681	0.74	0.642	0.761	0.781	0.754	0.755	0.716	0.772	0.684	0.77	0.755	0.71	0.755	0.656	0.795	0.773	0.754	0.741	0.705	0.743	0.68	0.779	0.767	0.705	0.76	0.659	0.773
Plate_4	0	0.229	0.221	0.223	0.363	0.232	0.225	0.166	0.166	0.167	0.162	0.173	0.172	0.238	0.221	0.219	0.214	0.227	0.209	0.167	0.17	0.162	0.174	0.161	0.176	0.23	0.22	0.223	0.176	0.216	0.23	0.167	0.185	0.166	0.167	0.165	0.169	0.216	0.204	0.206	0.227	0.253	0.211	0.172	0.211	0.169	0.17	0.165	0.165	0.223	0.223	0.247	0.359	0.218	0.224	0.173	0.176	0.164	0.172	0.169	0.17	0.228	0.237	0.234	0.282	0.233	0.243	0.212	0.179	0.179	0.169	0.189	0.176	0.228	0.225	0.216	0.237	0.215	0.237	0.17	0.178	0.167	0.163	0.177	0.173	0.216	0.209	0.217	0.228	0.204	0.377	0.178	0.166	0.336	0.187	0.16	0.199
Plate_4	1	0.292	0.286	0.294	0.51	0.297	0.268	0.165	0.166	0.166	0.162	0.172	0.171	0.31	0.277	0.264	0.253	0.281	0.242	0.166	0.17	0.162	0.174	0.161	0.171	0.285	0.271	0.277	0.177	0.261	0.275	0.167	0.19	0.165	0.167	0.165	0.168	0.271	0.243	0.24	0.269	0.294	0.235	0.171	0.207	0.169	0.169	0.164	0.165	0.286	0.273	0.299	0.444	0.273	0.269	0.172	0.174	0.164	0.172	0.169	0.169	0.295	0.309	0.283	0.381	0.285	0.292	0.205	0.171	0.175	0.166	0.185	0.177	0.287	0.294	0.278	0.306	0.276	0.295	0.172	0.176	0.166	0.163	0.175	0.173	0.281	0.262	0.268	0.292	0.257	0.375	0.166	0.165	0.319	0.186	0.161	0.196
Plate_4	2	0.38	0.38	0.385	0.617	0.395	0.374	0.165	0.166	0.166	0.162	0.171	0.171	0.435	0.361	0.334	0.305	0.365	0.301	0.165	0.168	0.162	0.174	0.161	0.171	0.368	0.35	0.366	0.187	0.334	0.341	0.166	0.205	0.166	0.167	0.165	0.168	0.352	0.3	0.29	0.34	0.368	0.269	0.17	0.205	0.169	0.169	0.164	0.165	0.378	0.354	0.379	0.547	0.358	0.34	0.171	0.173	0.164	0.172	0.169	0.169	0.408	0.449	0.376	0.545	0.388	0.383	0.203	0.171	0.17	0.166	0.181	0.174	0.38	0.402	0.374	0.427	0.375	0.401	0.172	0.174	0.166	0.162	0.175	0.172	0.387	0.343	0.352	0.397	0.336	0.39	0.166	0.165	0.286	0.184	0.161	0.193
Plate_4	3	0.441	0.439	0.456	0.627	0.468	0.461	0.164	0.166	0.166	0.162	0.17	0.17	0.466	0.426	0.411	0.365	0.438	0.365	0.165	0.168	0.162	0.174	0.161	0.171	0.434	0.421	0.443	0.217	0.412	0.416	0.167	0.233	0.165	0.167	0.165	0.169	0.418	0.363	0.348	0.419	0.445	0.315	0.17	0.205	0.169	0.169	0.164	0.165	0.441	0.422	0.451	0.634	0.428	0.42	0.171	0.173	0.164	0.172	0.169	0.169	0.494	0.488	0.462	0.749	0.462	0.533	0.202	0.171	0.17	0.166	0.18	0.173	0.497	0.48	0.452	0.551	0.451	0.534	0.173	0.173	0.166	0.162	0.174	0.172	0.478	0.414	0.425	0.486	0.41	0.466	0.166	0.165	0.17	0.177	0.161	0.164
Plate_4	4	0.488	0.48	0.496	0.651	0.54	0.448	0.164	0.166	0.166	0.163	0.17	0.17	0.501	0.457	0.451	0.41	0.504	0.399	0.165	0.168	0.162	0.174	0.161	0.171	0.468	0.453	0.474	0.293	0.466	0.452	0.166	0.29	0.165	0.167	0.165	0.169	0.453	0.399	0.388	0.45	0.495	0.353	0.17	0.204	0.169	0.169	0.164	0.165	0.484	0.458	0.493	0.748	0.472	0.461	0.17	0.172	0.164	0.172	0.169	0.169	0.545	0.533	0.514	0.869	0.509	0.595	0.202	0.171	0.169	0.166	0.179	0.17	0.538	0.53	0.503	0.726	0.501	0.597	0.173	0.173	0.165	0.163	0.174	0.172	0.533	0.456	0.472	0.644	0.454	0.463	0.166	0.165	0.168	0.176	0.162	0.164
Plate_4	5	0.552	0.541	0.557	0.677	0.633	0.474	0.164	0.166	0.166	0.163	0.17	0.17	0.56	0.515	0.503	0.468	0.592	0.428	0.165	0.168	0.162	0.174	0.161	0.171	0.526	0.507	0.536	0.417	0.546	0.492	0.167	0.366	0.166	0.167	0.165	0.169	0.511	0.433	0.423	0.505	0.57	0.38	0.17	0.204	0.169	0.169	0.164	0.165	0.55	0.508	0.555	0.827	0.533	0.498	0.17	0.171	0.164	0.177	0.169	0.168	0.619	0.602	0.591	0.918	0.584	0.63	0.201	0.171	0.168	0.166	0.179	0.17	0.592	0.586	0.578	0.85	0.574	0.65	0.173	0.173	0.165	0.162	0.174	0.172	0.607	0.52	0.53	0.804	0.517	0.471	0.166	0.165	0.168	0.167	0.162	0.164
Plate_4	6	0.61	0.606	0.621	0.682	0.676	0.529	0.164	0.166	0.166	0.163	0.17	0.17	0.622	0.585	0.574	0.541	0.656	0.473	0.165	0.168	0.162	0.174	0.161	0.171	0.59	0.577	0.604	0.564	0.624	0.552	0.167	0.422	0.166	0.167	0.165	0.169	0.579	0.493	0.478	0.588	0.643	0.412	0.169	0.203	0.169	0.169	0.164	0.166	0.613	0.575	0.62	0.897	0.598	0.558	0.17	0.171	0.164	0.177	0.17	0.168	0.684	0.664	0.663	0.897	0.644	0.675	0.201	0.171	0.169	0.166	0.178	0.17	0.649	0.638	0.643	0.92	0.643	0.707	0.173	0.17	0.166	0.163	0.174	0.173	0.677	0.594	0.602	0.897	0.595	0.527	0.166	0.165	0.167	0.167	0.162	0.164
Plate_4	7	0.636	0.638	0.654	0.683	0.682	0.586	0.164	0.167	0.166	0.163	0.17	0.17	0.65	0.626	0.634	0.62	0.672	0.534	0.165	0.168	0.163	0.174	0.161	0.17	0.634	0.623	0.644	0.592	0.661	0.61	0.167	0.48	0.166	0.167	0.165	0.169	0.63	0.562	0.55	0.654	0.683	0.465	0.169	0.203	0.169	0.169	0.164	0.166	0.643	0.621	0.653	0.968	0.633	0.61	0.169	0.171	0.164	0.177	0.17	0.168	0.709	0.694	0.696	0.906	0.67	0.714	0.201	0.171	0.169	0.167	0.177	0.17	0.672	0.664	0.671	0.935	0.671	0.724	0.174	0.17	0.166	0.163	0.174	0.172	0.717	0.643	0.65	0.94	0.643	0.59	0.166	0.165	0.167	0.167	0.162	0.164
Plate_4	8	0.653	0.66	0.67	0.689	0.7	0.629	0.164	0.167	0.166	0.163	0.17	0.17	0.665	0.648	0.669	0.674	0.685	0.592	0.166	0.168	0.163	0.174	0.162	0.17	0.656	0.646	0.664	0.628	0.671	0.641	0.167	0.53	0.166	0.167	0.166	0.169	0.656	0.618	0.614	0.715	0.692	0.53	0.169	0.202	0.169	0.169	0.164	0.166	0.659	0.645	0.668	1.028	0.648	0.635	0.169	0.171	0.164	0.177	0.17	0.168	0.723	0.711	0.706	0.913	0.681	0.725	0.201	0.171	0.169	0.167	0.177	0.17	0.684	0.676	0.682	0.935	0.681	0.722	0.174	0.17	0.166	0.163	0.173	0.173	0.725	0.662	0.665	0.963	0.657	0.634	0.166	0.165	0.167	0.167	0.162	0.164
Plate_4	9	0.67	0.674	0.686	0.693	0.715	0.653	0.164	0.167	0.166	0.163	0.17	0.169	0.681	0.663	0.68	0.714	0.701	0.632	0.165	0.168	0.163	0.174	0.161	0.17	0.669	0.661	0.677	0.644	0.686	0.662	0.167	0.548	0.166	0.167	0.166	0.169	0.671	0.64	0.644	0.799	0.707	0.593	0.169	0.203	0.169	0.169	0.164	0.166	0.674	0.659	0.678	1.078	0.662	0.647	0.168	0.17	0.164	0.177	0.17	0.168	0.738	0.723	0.721	0.92	0.697	0.733	0.201	0.17	0.169	0.166	0.173	0.17	0.698	0.692	0.697	0.936	0.695	0.735	0.174	0.17	0.166	0.163	0.173	0.172	0.739	0.674	0.676	0.994	0.668	0.652	0.166	0.165	0.166	0.167	0.162	0.164
Plate_4	10	0.682	0.689	0.699	0.696	0.728	0.664	0.165	0.167	0.166	0.163	0.17	0.169	0.696	0.678	0.694	0.767	0.716	0.644	0.165	0.168	0.163	0.174	0.162	0.17	0.684	0.674	0.691	0.647	0.702	0.678	0.167	0.55	0.166	0.168	0.166	0.169	0.687	0.654	0.652	0.864	0.723	0.633	0.169	0.202	0.169	0.168	0.164	0.166	0.688	0.671	0.693	1.118	0.675	0.658	0.168	0.17	0.164	0.177	0.17	0.168	0.755	0.737	0.735	0.929	0.711	0.744	0.201	0.17	0.169	0.167	0.173	0.17	0.711	0.705	0.711	0.93	0.709	0.739	0.174	0.17	0.166	0.163	0.173	0.172	0.755	0.686	0.691	1.035	0.683	0.663	0.166	0.165	0.166	0.167	0.162	0.163
Plate_4	11	0.693	0.701	0.711	0.697	0.738	0.676	0.165	0.167	0.166	0.164	0.169	0.169	0.71	0.692	0.709	0.825	0.729	0.655	0.165	0.169	0.163	0.174	0.162	0.17	0.697	0.687	0.704	0.646	0.715	0.693	0.167	0.55	0.167	0.168	0.166	0.169	0.701	0.67	0.668	0.918	0.737	0.644	0.169	0.202	0.169	0.168	0.164	0.166	0.7	0.685	0.703	1.151	0.687	0.671	0.168	0.169	0.164	0.177	0.17	0.168	0.766	0.749	0.747	0.931	0.723	0.754	0.201	0.17	0.169	0.167	0.174	0.171	0.723	0.715	0.722	0.938	0.719	0.752	0.174	0.17	0.166	0.163	0.173	0.172	0.765	0.699	0.704	1.066	0.696	0.677	0.166	0.165	0.166	0.167	0.163	0.164
Plate_4	12	0.702	0.708	0.72	0.699	0.744	0.684	0.165	0.167	0.166	0.164	0.169	0.169	0.719	0.703	0.72	0.872	0.738	0.666	0.165	0.169	0.163	0.174	0.162	0.17	0.707	0.698	0.713	0.646	0.724	0.704	0.167	0.541	0.167	0.168	0.166	0.169	0.711	0.685	0.681	0.961	0.747	0.656	0.169	0.202	0.169	0.169	0.164	0.167	0.71	0.696	0.712	1.178	0.697	0.68	0.168	0.169	0.164	0.177	0.17	0.168	0.775	0.757	0.756	0.939	0.733	0.749	0.201	0.17	0.169	0.167	0.173	0.171	0.731	0.722	0.731	0.945	0.729	0.754	0.174	0.17	0.166	0.163	0.173	0.172	0.774	0.709	0.713	1.088	0.708	0.688	0.166	0.165	0.166	0.167	0.163	0.163
Plate_4	13	0.706	0.715	0.723	0.697	0.749	0.689	0.164	0.167	0.166	0.163	0.169	0.168	0.725	0.709	0.726	0.915	0.742	0.677	0.165	0.168	0.163	0.174	0.162	0.17	0.715	0.705	0.72	0.648	0.731	0.711	0.167	0.54	0.167	0.168	0.166	0.169	0.718	0.696	0.692	1.001	0.755	0.669	0.169	0.202	0.169	0.168	0.164	0.166	0.717	0.704	0.717	1.192	0.705	0.686	0.167	0.169	0.164	0.176	0.17	0.168	0.781	0.762	0.761	0.943	0.739	0.749	0.2	0.17	0.168	0.167	0.173	0.17	0.737	0.726	0.737	0.952	0.734	0.755	0.175	0.169	0.165	0.163	0.173	0.172	0.778	0.715	0.721	1.098	0.715	0.695	0.166	0.165	0.166	0.166	0.163	0.163
Plate_4	14	0.71	0.719	0.727	0.697	0.752	0.693	0.164	0.167	0.166	0.163	0.169	0.168	0.731	0.715	0.732	0.954	0.747	0.684	0.164	0.168	0.163	0.174	0.162	0.169	0.717	0.711	0.725	0.652	0.735	0.718	0.167	0.546	0.166	0.168	0.166	0.169	0.722	0.705	0.701	1.036	0.759	0.681	0.168	0.201	0.169	0.168	0.164	0.166	0.722	0.709	0.722	1.194	0.709	0.692	0.167	0.169	0.164	0.176	0.17	0.168	0.786	0.766	0.765	0.948	0.746	0.751	0.2	0.17	0.168	0.166	0.173	0.17	0.741	0.73	0.742	0.957	0.739	0.755	0.174	0.169	0.165	0.163	0.172	0.171	0.781	0.72	0.725	1.1	0.72	0.699	0.166	0.165	0.166	0.166	0.162	0.163
Plate_4	15	0.712	0.721	0.727	0.694	0.753	0.696	0.164	0.167	0.165	0.163	0.169	0.168	0.735	0.718	0.735	0.993	0.75	0.688	0.164	0.168	0.163	0.173	0.162	0.169	0.721	0.714	0.728	0.654	0.739	0.72	0.167	0.541	0.166	0.167	0.166	0.169	0.726	0.711	0.708	1.063	0.762	0.691	0.168	0.201	0.169	0.168	0.164	0.166	0.727	0.713	0.726	1.189	0.713	0.695	0.166	0.168	0.163	0.176	0.169	0.167	0.79	0.768	0.768	0.95	0.751	0.75	0.2	0.169	0.168	0.166	0.173	0.17	0.745	0.733	0.746	0.957	0.743	0.755	0.175	0.168	0.165	0.163	0.172	0.17	0.784	0.723	0.73	1.095	0.725	0.702	0.165	0.164	0.166	0.166	0.162	0.163
Plate_4	16	0.715	0.723	0.73	0.692	0.754	0.697	0.164	0.167	0.165	0.163	0.169	0.167	0.737	0.721	0.736	1.026	0.751	0.69	0.163	0.168	0.163	0.173	0.161	0.169	0.725	0.718	0.729	0.66	0.74	0.722	0.167	0.539	0.166	0.167	0.165	0.168	0.729	0.715	0.712	1.08	0.765	0.696	0.168	0.2	0.168	0.167	0.163	0.166	0.73	0.717	0.728	1.181	0.716	0.697	0.166	0.168	0.163	0.176	0.169	0.166	0.794	0.77	0.771	0.952	0.755	0.75	0.2	0.169	0.167	0.166	0.172	0.17	0.748	0.736	0.75	0.952	0.747	0.753	0.174	0.168	0.165	0.163	0.172	0.17	0.785	0.726	0.732	1.087	0.729	0.703	0.165	0.164	0.165	0.165	0.162	0.162
Plate_4	17	0.716	0.724	0.733	0.691	0.755	0.7	0.164	0.167	0.165	0.163	0.168	0.167	0.737	0.722	0.739	1.055	0.755	0.692	0.163	0.168	0.162	0.173	0.161	0.168	0.73	0.72	0.732	0.668	0.742	0.723	0.167	0.519	0.166	0.167	0.165	0.168	0.732	0.716	0.715	1.089	0.768	0.699	0.168	0.2	0.168	0.167	0.163	0.166	0.733	0.719	0.73	1.17	0.72	0.699	0.165	0.168	0.163	0.175	0.169	0.166	0.795	0.773	0.773	0.952	0.757	0.75	0.199	0.169	0.167	0.166	0.172	0.17	0.75	0.739	0.753	0.95	0.749	0.751	0.174	0.168	0.164	0.162	0.171	0.169	0.791	0.729	0.736	1.074	0.732	0.704	0.165	0.164	0.165	0.165	0.162	0.162
Plate_4	18	0.718	0.727	0.731	0.688	0.757	0.7	0.164	0.166	0.165	0.162	0.168	0.167	0.74	0.724	0.74	1.079	0.758	0.693	0.163	0.167	0.163	0.172	0.161	0.168	0.732	0.723	0.735	0.676	0.744	0.723	0.166	0.5	0.165	0.167	0.165	0.168	0.736	0.717	0.718	1.09	0.771	0.701	0.168	0.199	0.168	0.167	0.163	0.166	0.735	0.721	0.733	1.162	0.722	0.7	0.165	0.167	0.163	0.175	0.169	0.166	0.796	0.774	0.775	0.95	0.76	0.747	0.199	0.169	0.167	0.165	0.172	0.169	0.754	0.741	0.755	0.944	0.752	0.75	0.174	0.167	0.164	0.162	0.171	0.169	0.794	0.732	0.74	1.064	0.737	0.705	0.165	0.163	0.164	0.165	0.162	0.161
Plate_4	19	0.722	0.73	0.737	0.687	0.759	0.701	0.164	0.166	0.165	0.162	0.168	0.167	0.744	0.726	0.745	1.095	0.762	0.695	0.163	0.167	0.162	0.17	0.161	0.168	0.736	0.726	0.738	0.687	0.747	0.724	0.167	0.498	0.165	0.167	0.165	0.168	0.741	0.717	0.72	1.085	0.775	0.702	0.168	0.199	0.168	0.166	0.163	0.166	0.737	0.722	0.736	1.154	0.726	0.701	0.165	0.167	0.163	0.175	0.169	0.166	0.801	0.779	0.778	0.952	0.762	0.745	0.199	0.168	0.167	0.165	0.172	0.17	0.758	0.747	0.758	0.94	0.757	0.75	0.174	0.167	0.164	0.162	0.17	0.169	0.798	0.737	0.742	1.053	0.738	0.705	0.165	0.163	0.165	0.165	0.162	0.161
Plate_4	20	0.726	0.733	0.741	0.687	0.77	0.703	0.164	0.166	0.164	0.162	0.168	0.166	0.744	0.727	0.748	1.107	0.765	0.695	0.163	0.167	0.162	0.172	0.161	0.168	0.738	0.728	0.741	0.697	0.751	0.726	0.166	0.472	0.165	0.167	0.165	0.168	0.743	0.718	0.724	1.08	0.777	0.701	0.168	0.198	0.167	0.166	0.162	0.166	0.74	0.724	0.74	1.146	0.728	0.701	0.164	0.166	0.162	0.175	0.169	0.166	0.803	0.782	0.784	0.949	0.764	0.744	0.198	0.168	0.167	0.165	0.171	0.169	0.76	0.75	0.763	0.936	0.759	0.751	0.174	0.167	0.164	0.162	0.17	0.169	0.801	0.739	0.746	1.044	0.742	0.706	0.165	0.163	0.164	0.164	0.162	0.161
Plate_4	21	0.728	0.734	0.744	0.687	0.773	0.706	0.164	0.166	0.164	0.162	0.168	0.166	0.743	0.73	0.752	1.113	0.769	0.699	0.162	0.167	0.163	0.172	0.161	0.168	0.741	0.73	0.746	0.707	0.755	0.728	0.166	0.456	0.165	0.167	0.165	0.168	0.745	0.719	0.725	1.075	0.78	0.702	0.168	0.198	0.167	0.166	0.162	0.166	0.741	0.725	0.743	1.14	0.732	0.704	0.164	0.166	0.162	0.175	0.169	0.166	0.804	0.786	0.788	0.949	0.768	0.743	0.198	0.168	0.167	0.165	0.171	0.17	0.765	0.753	0.766	0.933	0.762	0.752	0.174	0.166	0.164	0.162	0.17	0.169	0.803	0.742	0.749	1.034	0.746	0.707	0.165	0.163	0.164	0.164	0.161	0.161
Plate_4	22	0.73	0.738	0.746	0.683	0.777	0.706	0.164	0.166	0.164	0.162	0.168	0.166	0.748	0.731	0.755	1.115	0.773	0.7	0.162	0.167	0.163	0.172	0.16	0.167	0.743	0.733	0.748	0.714	0.759	0.729	0.166	0.519	0.165	0.167	0.165	0.168	0.748	0.721	0.728	1.07	0.784	0.703	0.168	0.198	0.167	0.165	0.162	0.166	0.743	0.728	0.746	1.133	0.734	0.705	0.164	0.166	0.162	0.175	0.168	0.165	0.807	0.789	0.791	0.948	0.77	0.743	0.198	0.168	0.167	0.164	0.171	0.17	0.766	0.757	0.77	0.929	0.766	0.753	0.174	0.166	0.164	0.161	0.169	0.168	0.805	0.745	0.751	1.025	0.748	0.709	0.166	0.163	0.165	0.164	0.161	0.16
Plate_4	23	0.732	0.741	0.75	0.684	0.781	0.708	0.167	0.169	0.166	0.164	0.17	0.168	0.748	0.732	0.758	1.112	0.776	0.703	0.165	0.169	0.165	0.174	0.163	0.169	0.745	0.736	0.752	0.723	0.763	0.732	0.168	0.544	0.167	0.17	0.167	0.17	0.751	0.721	0.731	1.066	0.788	0.705	0.171	0.2	0.169	0.167	0.164	0.169	0.745	0.732	0.75	1.127	0.737	0.707	0.165	0.167	0.164	0.177	0.171	0.168	0.81	0.792	0.794	0.949	0.775	0.745	0.2	0.17	0.169	0.166	0.173	0.172	0.768	0.76	0.774	0.927	0.77	0.753	0.177	0.167	0.166	0.164	0.171	0.17	0.809	0.749	0.755	1.021	0.752	0.712	0.17	0.165	0.167	0.166	0.164	0.162