Plate	Time	A1	A2	A3	A4	A5	A6	A7	A8	A9	A10	A11	A12	B1	B2	B3	B4	B5	B6	B7	B8	B9	B10	B11	B12	C1	C2	C3	C4	C5	C6	C7	C8	C9	C10	C11	C12	D1	D2	D3	D4	D5	D6	D7	D8	D9	D10	D11	D12	E1	E2	E3	E4	E5	E6	E7	E8	E9	E10	E11	E12	F1	F2	F3	F4	F5	F6	F7	F8	F9	F10	F11	F12	G1	G2	G3	G4	G5	G6	G7	G8	G9	G10	G11	G12	H1	H2	H3	H4	H5	H6	H7	H8	H9	H10	H11	H12
Plate_1	0	0.24	0.259	0.246	0.239	0.235	0.237	0.235	0.227	0.156	0.225	0.233	0.226	0.237	0.232	0.243	0.227	0.231	0.23	0.231	0.24	0.157	0.236	0.248	0.256	0.258	0.258	0.259	0.24	0.232	0.237	0.251	0.254	0.153	0.246	0.248	0.253	0.272	0.252	0.257	0.227	0.236	0.232	0.229	0.23	0.154	0.242	0.266	0.251	0.268	0.254	0.267	0.239	0.244	0.26	0.252	0.258	0.149	0.254	0.249	0.251	0.253	0.235	0.247	0.225	0.245	0.238	0.245	0.251	0.158	0.225	0.243	0.266	0.267	0.274	0.271	0.24	0.245	0.23	0.249	0.233	0.152	0.254	0.245	0.258	0.296	0.252	0.282	0.223	0.253	0.311	0.238	0.211	0.157	0.253	0.256	0.257
Plate_1	1	0.278	0.322	0.346	0.278	0.298	0.299	0.284	0.285	0.156	0.279	0.285	0.285	0.273	0.311	0.346	0.305	0.317	0.303	0.289	0.343	0.169	0.293	0.349	0.355	0.313	0.345	0.357	0.34	0.322	0.352	0.386	0.37	0.176	0.317	0.355	0.36	0.333	0.339	0.393	0.27	0.331	0.326	0.338	0.351	0.176	0.329	0.383	0.366	0.34	0.343	0.407	0.344	0.365	0.404	0.386	0.374	0.171	0.378	0.358	0.357	0.306	0.289	0.369	0.317	0.35	0.351	0.378	0.369	0.169	0.304	0.336	0.392	0.332	0.392	0.419	0.359	0.373	0.325	0.341	0.268	0.152	0.341	0.348	0.385	0.407	0.38	0.443	0.306	0.423	0.468	0.324	0.209	0.157	0.368	0.398	0.378
Plate_1	2	0.345	0.399	0.398	0.333	0.384	0.367	0.366	0.352	0.155	0.344	0.367	0.375	0.335	0.366	0.388	0.345	0.374	0.381	0.345	0.382	0.156	0.356	0.429	0.438	0.383	0.438	0.459	0.402	0.424	0.439	0.439	0.429	0.153	0.392	0.445	0.465	0.407	0.447	0.483	0.345	0.42	0.401	0.407	0.414	0.153	0.408	0.484	0.47	0.41	0.43	0.491	0.426	0.451	0.49	0.443	0.477	0.149	0.436	0.458	0.456	0.38	0.375	0.456	0.394	0.451	0.438	0.437	0.458	0.165	0.358	0.441	0.498	0.398	0.497	0.51	0.461	0.492	0.446	0.453	0.313	0.152	0.436	0.459	0.483	0.467	0.497	0.561	0.403	0.557	0.581	0.418	0.202	0.157	0.466	0.498	0.477
Plate_1	3	0.381	0.445	0.444	0.374	0.432	0.411	0.415	0.405	0.155	0.386	0.409	0.442	0.371	0.417	0.431	0.394	0.421	0.442	0.401	0.437	0.156	0.402	0.464	0.521	0.395	0.484	0.498	0.453	0.473	0.477	0.471	0.473	0.153	0.425	0.476	0.531	0.412	0.487	0.515	0.399	0.466	0.451	0.45	0.452	0.153	0.443	0.517	0.54	0.41	0.468	0.523	0.468	0.492	0.529	0.482	0.516	0.149	0.465	0.489	0.496	0.401	0.424	0.492	0.437	0.492	0.481	0.468	0.491	0.16	0.399	0.477	0.535	0.402	0.533	0.543	0.514	0.531	0.495	0.476	0.356	0.153	0.464	0.485	0.506	0.447	0.532	0.589	0.457	0.57	0.643	0.446	0.198	0.155	0.49	0.534	0.51
Plate_1	4	0.388	0.506	0.502	0.396	0.499	0.48	0.475	0.465	0.155	0.446	0.476	0.568	0.38	0.473	0.487	0.421	0.472	0.49	0.467	0.506	0.156	0.473	0.54	0.641	0.403	0.556	0.565	0.464	0.522	0.524	0.541	0.543	0.153	0.485	0.546	0.648	0.413	0.552	0.568	0.427	0.521	0.502	0.5	0.496	0.153	0.496	0.587	0.647	0.419	0.527	0.578	0.489	0.543	0.592	0.534	0.578	0.149	0.522	0.537	0.56	0.401	0.477	0.54	0.458	0.545	0.532	0.525	0.552	0.155	0.442	0.523	0.606	0.408	0.601	0.601	0.519	0.573	0.54	0.528	0.382	0.153	0.522	0.544	0.58	0.454	0.602	0.655	0.47	0.611	0.714	0.485	0.196	0.155	0.545	0.599	0.583
Plate_1	5	0.432	0.597	0.587	0.443	0.586	0.566	0.566	0.56	0.155	0.541	0.571	0.659	0.421	0.561	0.574	0.474	0.561	0.575	0.559	0.596	0.156	0.569	0.615	0.686	0.455	0.636	0.64	0.516	0.597	0.6	0.617	0.624	0.152	0.57	0.614	0.711	0.457	0.631	0.637	0.471	0.606	0.59	0.58	0.581	0.152	0.584	0.655	0.692	0.464	0.611	0.647	0.539	0.62	0.655	0.618	0.645	0.149	0.6	0.613	0.635	0.438	0.561	0.618	0.504	0.619	0.607	0.607	0.628	0.152	0.535	0.602	0.669	0.452	0.662	0.665	0.548	0.633	0.611	0.601	0.429	0.153	0.6	0.62	0.642	0.509	0.669	0.709	0.494	0.667	0.729	0.564	0.195	0.154	0.616	0.658	0.656
Plate_1	6	0.497	0.664	0.648	0.523	0.646	0.629	0.637	0.639	0.155	0.627	0.638	0.675	0.483	0.632	0.634	0.547	0.634	0.649	0.628	0.657	0.156	0.632	0.658	0.697	0.525	0.674	0.68	0.577	0.653	0.649	0.661	0.668	0.152	0.636	0.655	0.717	0.525	0.67	0.675	0.545	0.655	0.651	0.645	0.642	0.152	0.644	0.684	0.701	0.522	0.652	0.681	0.599	0.662	0.682	0.665	0.677	0.15	0.644	0.662	0.668	0.489	0.634	0.67	0.564	0.673	0.655	0.65	0.667	0.15	0.612	0.657	0.688	0.507	0.678	0.686	0.596	0.678	0.658	0.645	0.487	0.153	0.644	0.654	0.664	0.573	0.687	0.714	0.54	0.693	0.754	0.629	0.194	0.153	0.652	0.674	0.684
Plate_1	7	0.578	0.683	0.672	0.574	0.664	0.649	0.659	0.666	0.155	0.651	0.658	0.698	0.565	0.658	0.655	0.59	0.654	0.681	0.645	0.668	0.155	0.648	0.664	0.719	0.607	0.685	0.692	0.609	0.67	0.678	0.674	0.679	0.151	0.649	0.665	0.739	0.597	0.68	0.689	0.587	0.67	0.672	0.664	0.663	0.152	0.66	0.692	0.723	0.589	0.665	0.693	0.632	0.676	0.69	0.675	0.688	0.149	0.661	0.677	0.679	0.55	0.666	0.685	0.61	0.685	0.671	0.663	0.682	0.149	0.645	0.673	0.697	0.57	0.686	0.694	0.62	0.691	0.67	0.663	0.53	0.153	0.663	0.662	0.675	0.641	0.691	0.714	0.586	0.693	0.776	0.663	0.194	0.153	0.669	0.683	0.693
Plate_1	8	0.663	0.701	0.687	0.601	0.683	0.664	0.676	0.68	0.155	0.67	0.677	0.721	0.651	0.67	0.668	0.607	0.671	0.688	0.665	0.685	0.155	0.665	0.684	0.735	0.683	0.698	0.707	0.624	0.68	0.686	0.687	0.698	0.151	0.665	0.685	0.754	0.672	0.694	0.7	0.606	0.683	0.684	0.679	0.678	0.152	0.676	0.707	0.742	0.656	0.679	0.704	0.642	0.689	0.704	0.691	0.703	0.149	0.678	0.691	0.697	0.617	0.672	0.694	0.627	0.695	0.682	0.676	0.697	0.148	0.656	0.687	0.716	0.636	0.701	0.708	0.628	0.695	0.679	0.674	0.565	0.153	0.68	0.682	0.689	0.708	0.707	0.728	0.61	0.702	0.802	0.675	0.195	0.153	0.686	0.7	0.709
Plate_1	9	0.733	0.717	0.704	0.614	0.7	0.681	0.691	0.7	0.154	0.687	0.696	0.733	0.72	0.686	0.681	0.618	0.686	0.7	0.68	0.7	0.154	0.681	0.698	0.746	0.741	0.712	0.718	0.637	0.695	0.697	0.7	0.707	0.15	0.682	0.697	0.766	0.73	0.707	0.711	0.615	0.697	0.699	0.692	0.692	0.151	0.69	0.72	0.75	0.715	0.694	0.717	0.652	0.7	0.714	0.704	0.715	0.149	0.69	0.703	0.709	0.682	0.688	0.707	0.633	0.709	0.694	0.692	0.709	0.147	0.67	0.701	0.727	0.698	0.712	0.719	0.634	0.705	0.693	0.687	0.594	0.152	0.692	0.694	0.701	0.759	0.719	0.738	0.621	0.711	0.835	0.691	0.196	0.152	0.7	0.714	0.721
Plate_1	10	0.779	0.73	0.717	0.626	0.712	0.692	0.704	0.714	0.154	0.701	0.71	0.744	0.765	0.699	0.696	0.631	0.699	0.713	0.691	0.714	0.154	0.693	0.705	0.754	0.781	0.721	0.729	0.647	0.705	0.705	0.712	0.716	0.149	0.692	0.707	0.773	0.771	0.716	0.72	0.628	0.709	0.711	0.704	0.706	0.15	0.7	0.73	0.758	0.76	0.706	0.725	0.663	0.713	0.722	0.714	0.725	0.148	0.699	0.714	0.718	0.736	0.701	0.717	0.646	0.72	0.708	0.703	0.719	0.146	0.684	0.714	0.735	0.745	0.721	0.727	0.642	0.717	0.702	0.699	0.617	0.154	0.701	0.704	0.71	0.793	0.729	0.747	0.629	0.719	0.876	0.705	0.199	0.151	0.709	0.722	0.73
Plate_1	11	0.809	0.74	0.728	0.636	0.721	0.702	0.716	0.726	0.153	0.714	0.721	0.752	0.794	0.709	0.703	0.638	0.707	0.723	0.7	0.722	0.153	0.701	0.717	0.761	0.805	0.729	0.733	0.654	0.715	0.714	0.72	0.723	0.149	0.698	0.714	0.778	0.798	0.723	0.729	0.635	0.716	0.718	0.712	0.713	0.15	0.708	0.735	0.764	0.79	0.715	0.73	0.67	0.721	0.73	0.722	0.732	0.148	0.707	0.722	0.725	0.776	0.71	0.724	0.651	0.731	0.714	0.709	0.726	0.145	0.692	0.723	0.741	0.78	0.727	0.733	0.651	0.727	0.712	0.706	0.633	0.152	0.707	0.709	0.717	0.818	0.737	0.754	0.64	0.727	0.906	0.714	0.203	0.151	0.715	0.73	0.736
Plate_1	12	0.829	0.746	0.733	0.641	0.724	0.708	0.722	0.731	0.152	0.721	0.726	0.757	0.813	0.716	0.708	0.64	0.711	0.727	0.707	0.725	0.152	0.706	0.721	0.765	0.822	0.729	0.735	0.653	0.719	0.715	0.722	0.725	0.148	0.704	0.718	0.782	0.816	0.726	0.731	0.636	0.721	0.721	0.716	0.718	0.149	0.709	0.738	0.768	0.811	0.72	0.733	0.673	0.725	0.73	0.725	0.736	0.147	0.709	0.726	0.727	0.802	0.718	0.728	0.656	0.735	0.718	0.714	0.729	0.144	0.697	0.726	0.742	0.803	0.73	0.736	0.655	0.731	0.714	0.711	0.644	0.151	0.71	0.711	0.719	0.834	0.741	0.756	0.644	0.732	0.947	0.72	0.208	0.15	0.717	0.73	0.739
Plate_1	13	0.844	0.749	0.738	0.641	0.729	0.711	0.725	0.733	0.152	0.723	0.73	0.76	0.829	0.72	0.711	0.64	0.717	0.729	0.711	0.728	0.152	0.709	0.72	0.767	0.833	0.731	0.735	0.652	0.725	0.72	0.724	0.728	0.148	0.704	0.719	0.782	0.829	0.728	0.732	0.638	0.721	0.723	0.72	0.722	0.148	0.715	0.739	0.771	0.825	0.722	0.735	0.673	0.726	0.732	0.727	0.736	0.147	0.71	0.726	0.729	0.82	0.724	0.731	0.655	0.736	0.72	0.716	0.731	0.143	0.7	0.728	0.744	0.82	0.732	0.737	0.656	0.735	0.717	0.714	0.651	0.151	0.713	0.711	0.721	0.845	0.744	0.757	0.648	0.734	0.988	0.726	0.215	0.149	0.721	0.731	0.741
Plate_1	14	0.851	0.751	0.742	0.641	0.729	0.712	0.727	0.735	0.151	0.726	0.731	0.762	0.837	0.723	0.71	0.639	0.717	0.729	0.713	0.731	0.151	0.711	0.725	0.769	0.84	0.735	0.734	0.649	0.724	0.716	0.726	0.727	0.147	0.707	0.72	0.785	0.838	0.729	0.732	0.635	0.723	0.724	0.72	0.723	0.148	0.713	0.74	0.771	0.835	0.724	0.735	0.673	0.727	0.729	0.727	0.736	0.146	0.71	0.727	0.73	0.834	0.726	0.732	0.657	0.738	0.721	0.716	0.732	0.143	0.701	0.73	0.746	0.833	0.732	0.738	0.655	0.735	0.718	0.716	0.654	0.151	0.715	0.71	0.724	0.854	0.744	0.76	0.649	0.734	1.027	0.73	0.224	0.149	0.724	0.733	0.743
Plate_1	15	0.857	0.752	0.742	0.639	0.731	0.716	0.729	0.736	0.15	0.729	0.734	0.762	0.841	0.725	0.712	0.636	0.72	0.73	0.713	0.732	0.15	0.71	0.728	0.771	0.844	0.732	0.735	0.647	0.725	0.715	0.726	0.73	0.146	0.703	0.721	0.786	0.842	0.728	0.731	0.633	0.722	0.724	0.721	0.724	0.147	0.714	0.74	0.775	0.845	0.726	0.734	0.672	0.727	0.73	0.729	0.736	0.145	0.71	0.726	0.732	0.844	0.729	0.734	0.657	0.739	0.722	0.718	0.732	0.142	0.702	0.731	0.746	0.841	0.734	0.738	0.653	0.735	0.719	0.715	0.656	0.149	0.717	0.713	0.726	0.859	0.745	0.759	0.649	0.735	1.062	0.731	0.236	0.148	0.726	0.735	0.746
Plate_1	16	0.858	0.754	0.742	0.637	0.729	0.714	0.727	0.736	0.15	0.729	0.735	0.763	0.843	0.725	0.712	0.636	0.718	0.731	0.713	0.728	0.15	0.711	0.724	0.771	0.845	0.731	0.734	0.645	0.724	0.715	0.727	0.728	0.146	0.706	0.72	0.787	0.846	0.728	0.729	0.632	0.723	0.722	0.722	0.724	0.147	0.716	0.74	0.775	0.849	0.726	0.733	0.668	0.726	0.727	0.728	0.737	0.145	0.711	0.725	0.734	0.851	0.731	0.734	0.654	0.739	0.72	0.719	0.732	0.142	0.703	0.731	0.748	0.848	0.735	0.738	0.65	0.735	0.719	0.717	0.657	0.149	0.718	0.713	0.729	0.861	0.747	0.758	0.648	0.734	1.089	0.734	0.252	0.147	0.73	0.736	0.75
Plate_1	17	0.86	0.755	0.74	0.635	0.727	0.71	0.725	0.735	0.15	0.73	0.732	0.767	0.844	0.726	0.713	0.634	0.718	0.729	0.711	0.729	0.149	0.714	0.724	0.771	0.847	0.731	0.733	0.645	0.725	0.713	0.728	0.731	0.145	0.707	0.721	0.789	0.847	0.729	0.728	0.632	0.722	0.723	0.722	0.726	0.146	0.717	0.741	0.776	0.855	0.727	0.731	0.667	0.726	0.727	0.728	0.736	0.145	0.71	0.725	0.736	0.856	0.732	0.733	0.652	0.738	0.721	0.721	0.733	0.141	0.704	0.732	0.749	0.853	0.737	0.738	0.647	0.734	0.719	0.719	0.656	0.149	0.718	0.716	0.731	0.863	0.749	0.757	0.648	0.735	1.112	0.735	0.275	0.147	0.731	0.739	0.752
Plate_1	18	0.862	0.757	0.738	0.634	0.729	0.71	0.729	0.734	0.15	0.736	0.74	0.765	0.85	0.726	0.71	0.634	0.715	0.729	0.713	0.732	0.149	0.715	0.726	0.773	0.854	0.733	0.733	0.643	0.723	0.712	0.726	0.732	0.145	0.71	0.722	0.787	0.853	0.729	0.727	0.63	0.721	0.721	0.72	0.725	0.146	0.716	0.741	0.775	0.859	0.729	0.73	0.663	0.724	0.724	0.73	0.736	0.144	0.71	0.721	0.738	0.86	0.734	0.733	0.649	0.738	0.721	0.715	0.732	0.141	0.705	0.731	0.75	0.855	0.739	0.739	0.644	0.732	0.718	0.72	0.655	0.148	0.725	0.717	0.737	0.867	0.749	0.758	0.646	0.733	1.129	0.736	0.303	0.147	0.733	0.739	0.757
Plate_1	19	0.868	0.757	0.741	0.633	0.726	0.713	0.73	0.733	0.149	0.739	0.746	0.773	0.853	0.729	0.714	0.634	0.713	0.728	0.712	0.735	0.149	0.717	0.726	0.776	0.86	0.741	0.734	0.643	0.724	0.711	0.726	0.733	0.145	0.711	0.724	0.793	0.86	0.729	0.729	0.632	0.722	0.722	0.721	0.725	0.146	0.718	0.742	0.779	0.863	0.73	0.731	0.663	0.725	0.724	0.729	0.737	0.144	0.709	0.725	0.74	0.862	0.735	0.734	0.648	0.738	0.72	0.72	0.733	0.141	0.705	0.733	0.753	0.859	0.74	0.74	0.644	0.728	0.72	0.72	0.654	0.15	0.723	0.718	0.74	0.872	0.753	0.761	0.647	0.732	1.139	0.738	0.339	0.146	0.734	0.743	0.76
Plate_1	20	0.872	0.761	0.744	0.631	0.73	0.711	0.73	0.74	0.149	0.739	0.749	0.775	0.86	0.73	0.716	0.634	0.718	0.729	0.715	0.735	0.149	0.719	0.73	0.782	0.864	0.733	0.735	0.642	0.724	0.712	0.729	0.735	0.145	0.712	0.725	0.797	0.863	0.732	0.728	0.632	0.722	0.723	0.72	0.727	0.145	0.719	0.741	0.782	0.866	0.732	0.731	0.662	0.723	0.724	0.729	0.737	0.144	0.71	0.725	0.742	0.866	0.737	0.735	0.647	0.74	0.721	0.718	0.733	0.14	0.707	0.735	0.758	0.863	0.737	0.741	0.643	0.733	0.72	0.719	0.651	0.148	0.725	0.721	0.743	0.876	0.754	0.762	0.648	0.735	1.143	0.739	0.378	0.146	0.736	0.746	0.762
Plate_1	21	0.877	0.767	0.747	0.631	0.734	0.712	0.734	0.742	0.149	0.747	0.751	0.779	0.866	0.732	0.717	0.633	0.715	0.731	0.717	0.736	0.148	0.723	0.732	0.786	0.873	0.738	0.738	0.641	0.724	0.71	0.732	0.736	0.144	0.712	0.727	0.801	0.869	0.733	0.729	0.633	0.724	0.723	0.724	0.727	0.145	0.719	0.745	0.786	0.872	0.733	0.732	0.662	0.724	0.725	0.73	0.738	0.144	0.71	0.727	0.745	0.869	0.738	0.737	0.646	0.738	0.721	0.72	0.736	0.14	0.708	0.737	0.76	0.868	0.746	0.743	0.641	0.733	0.722	0.725	0.649	0.148	0.724	0.721	0.744	0.88	0.758	0.764	0.649	0.732	1.142	0.74	0.419	0.146	0.739	0.751	0.764
Plate_1	22	0.89	0.769	0.748	0.631	0.736	0.714	0.735	0.743	0.149	0.747	0.754	0.783	0.879	0.734	0.719	0.634	0.72	0.73	0.72	0.737	0.148	0.728	0.736	0.788	0.886	0.741	0.741	0.643	0.724	0.714	0.734	0.737	0.144	0.714	0.73	0.804	0.879	0.739	0.732	0.635	0.727	0.724	0.729	0.727	0.145	0.72	0.748	0.788	0.875	0.734	0.735	0.663	0.727	0.726	0.73	0.741	0.144	0.712	0.728	0.747	0.872	0.738	0.736	0.649	0.741	0.72	0.722	0.737	0.14	0.707	0.738	0.763	0.87	0.748	0.745	0.642	0.736	0.725	0.725	0.648	0.148	0.724	0.724	0.748	0.885	0.761	0.766	0.649	0.738	1.139	0.743	0.461	0.146	0.74	0.751	0.768
Plate_1	23	0.907	0.772	0.748	0.631	0.738	0.717	0.742	0.746	0.152	0.753	0.757	0.788	0.895	0.737	0.722	0.634	0.721	0.734	0.724	0.74	0.151	0.732	0.739	0.794	0.902	0.744	0.743	0.644	0.727	0.715	0.737	0.742	0.147	0.717	0.734	0.809	0.893	0.741	0.734	0.636	0.73	0.726	0.731	0.732	0.148	0.724	0.75	0.792	0.877	0.74	0.736	0.663	0.727	0.726	0.734	0.743	0.147	0.714	0.729	0.751	0.876	0.743	0.739	0.649	0.743	0.723	0.726	0.739	0.143	0.711	0.739	0.767	0.875	0.752	0.747	0.642	0.738	0.728	0.73	0.647	0.151	0.728	0.728	0.752	0.895	0.764	0.768	0.649	0.742	1.135	0.743	0.503	0.149	0.743	0.755	0.772
Plate_2	0	0.26	0.283	0.275	0.272	0.252	0.248	0.264	0.249	0.252	0.254	0.248	0.251	0.261	0.268	0.261	0.249	0.236	0.258	0.267	0.256	0.263	0.247	0.26	0.246	0.274	0.29	0.26	0.266	0.281	0.25	0.269	0.269	0.263	0.264	0.268	0.262	0.261	0.272	0.262	0.274	0.265	0.262	0.274	0.281	0.264	0.25	0.264	0.263	0.251	0.265	0.263	0.254	0.248	0.237	0.267	0.269	0.267	0.26	0.284	0.264	0.259	0.266	0.259	0.245	0.26	0.237	0.269	0.27	0.264	0.245	0.259	0.264	0.278	0.27	0.284	0.278	0.243	0.237	0.268	0.275	0.281	0.256	0.276	0.279	0.251	0.255	0.236	0.247	0.211	0.198	0.233	0.253	0.239	0.223	0.225	0.252
Plate_2	1	0.391	0.426	0.432	0.448	0.408	0.356	0.433	0.39	0.386	0.358	0.37	0.394	0.379	0.405	0.4	0.353	0.346	0.379	0.429	0.404	0.385	0.342	0.415	0.373	0.408	0.447	0.388	0.418	0.442	0.353	0.419	0.434	0.402	0.375	0.42	0.374	0.402	0.426	0.399	0.44	0.414	0.394	0.438	0.434	0.407	0.34	0.416	0.414	0.348	0.387	0.385	0.375	0.35	0.293	0.415	0.428	0.415	0.358	0.463	0.412	0.353	0.35	0.36	0.362	0.367	0.284	0.426	0.422	0.435	0.316	0.395	0.438	0.429	0.401	0.435	0.427	0.342	0.302	0.405	0.452	0.464	0.337	0.455	0.447	0.406	0.406	0.354	0.396	0.297	0.224	0.421	0.446	0.391	0.279	0.358	0.394
Plate_2	2	0.531	0.548	0.554	0.594	0.569	0.476	0.59	0.547	0.531	0.446	0.499	0.53	0.508	0.525	0.542	0.514	0.472	0.524	0.599	0.559	0.532	0.438	0.552	0.499	0.538	0.589	0.582	0.604	0.624	0.488	0.573	0.619	0.563	0.473	0.58	0.531	0.601	0.609	0.597	0.664	0.609	0.544	0.581	0.602	0.572	0.444	0.646	0.557	0.498	0.547	0.554	0.554	0.508	0.395	0.55	0.616	0.563	0.46	0.64	0.565	0.474	0.49	0.546	0.546	0.523	0.382	0.576	0.625	0.605	0.402	0.548	0.605	0.573	0.56	0.603	0.615	0.486	0.411	0.569	0.609	0.651	0.445	0.619	0.592	0.545	0.565	0.52	0.584	0.456	0.304	0.627	0.713	0.583	0.354	0.513	0.533
Plate_2	3	0.574	0.577	0.59	0.643	0.641	0.534	0.662	0.606	0.57	0.479	0.543	0.568	0.55	0.557	0.607	0.569	0.544	0.58	0.66	0.616	0.589	0.487	0.602	0.53	0.564	0.628	0.687	0.667	0.714	0.567	0.618	0.729	0.606	0.511	0.629	0.572	0.656	0.661	0.678	0.735	0.708	0.61	0.646	0.677	0.639	0.498	0.704	0.605	0.545	0.616	0.61	0.622	0.603	0.48	0.611	0.689	0.619	0.508	0.683	0.609	0.519	0.562	0.632	0.635	0.607	0.454	0.627	0.696	0.663	0.464	0.6	0.637	0.619	0.609	0.674	0.696	0.561	0.488	0.642	0.653	0.707	0.506	0.656	0.619	0.569	0.607	0.571	0.645	0.537	0.383	0.656	0.808	0.617	0.416	0.554	0.577
Plate_2	4	0.61	0.63	0.637	0.678	0.664	0.535	0.702	0.633	0.603	0.486	0.587	0.639	0.585	0.601	0.639	0.654	0.567	0.574	0.681	0.648	0.624	0.487	0.632	0.612	0.61	0.664	0.727	0.707	0.774	0.585	0.687	0.763	0.645	0.508	0.656	0.646	0.672	0.695	0.716	0.781	0.759	0.608	0.694	0.719	0.663	0.504	0.703	0.672	0.577	0.644	0.652	0.682	0.627	0.519	0.673	0.736	0.646	0.522	0.701	0.643	0.561	0.606	0.688	0.694	0.62	0.486	0.665	0.737	0.693	0.489	0.618	0.657	0.66	0.636	0.727	0.74	0.567	0.52	0.681	0.7	0.719	0.524	0.69	0.655	0.615	0.633	0.585	0.72	0.55	0.435	0.723	0.834	0.625	0.448	0.577	0.627
Plate_2	5	0.669	0.676	0.698	0.736	0.675	0.548	0.742	0.686	0.662	0.505	0.646	0.687	0.639	0.656	0.691	0.713	0.585	0.595	0.749	0.703	0.685	0.503	0.687	0.678	0.663	0.714	0.754	0.746	0.806	0.59	0.754	0.793	0.697	0.519	0.688	0.704	0.716	0.722	0.761	0.838	0.805	0.62	0.76	0.749	0.707	0.511	0.737	0.711	0.634	0.674	0.694	0.763	0.642	0.522	0.739	0.765	0.685	0.554	0.752	0.69	0.617	0.645	0.734	0.739	0.638	0.491	0.735	0.824	0.734	0.533	0.674	0.7	0.698	0.686	0.769	0.784	0.572	0.511	0.715	0.772	0.75	0.558	0.728	0.695	0.682	0.688	0.634	0.778	0.543	0.464	0.785	0.885	0.678	0.464	0.637	0.687
Plate_2	6	0.697	0.696	0.729	0.729	0.686	0.582	0.733	0.719	0.704	0.565	0.665	0.69	0.676	0.69	0.716	0.746	0.621	0.615	0.756	0.745	0.708	0.556	0.711	0.684	0.688	0.724	0.77	0.781	0.781	0.622	0.738	0.813	0.739	0.572	0.712	0.702	0.726	0.743	0.776	0.87	0.795	0.643	0.766	0.758	0.728	0.553	0.75	0.713	0.678	0.713	0.712	0.774	0.659	0.524	0.752	0.801	0.716	0.607	0.748	0.699	0.658	0.677	0.746	0.771	0.666	0.502	0.77	0.858	0.76	0.603	0.709	0.71	0.711	0.708	0.773	0.786	0.589	0.526	0.716	0.815	0.755	0.609	0.726	0.692	0.712	0.714	0.693	0.779	0.546	0.465	0.784	0.842	0.716	0.517	0.687	0.719
Plate_2	7	0.704	0.702	0.733	0.736	0.692	0.612	0.743	0.722	0.722	0.633	0.666	0.697	0.687	0.697	0.719	0.747	0.652	0.628	0.761	0.769	0.723	0.616	0.708	0.687	0.7	0.731	0.764	0.786	0.759	0.637	0.753	0.818	0.745	0.635	0.722	0.705	0.72	0.74	0.767	0.861	0.758	0.671	0.784	0.761	0.746	0.617	0.739	0.716	0.689	0.716	0.718	0.781	0.676	0.549	0.762	0.867	0.725	0.656	0.74	0.7	0.672	0.685	0.748	0.772	0.687	0.533	0.77	0.866	0.758	0.666	0.702	0.708	0.717	0.703	0.759	0.782	0.607	0.549	0.71	0.792	0.75	0.653	0.72	0.692	0.721	0.72	0.726	0.785	0.579	0.464	0.785	0.808	0.73	0.588	0.703	0.728
Plate_2	8	0.713	0.716	0.739	0.756	0.7	0.64	0.769	0.709	0.724	0.658	0.675	0.71	0.701	0.708	0.728	0.76	0.67	0.638	0.776	0.763	0.731	0.65	0.716	0.702	0.711	0.741	0.765	0.812	0.777	0.654	0.77	0.829	0.747	0.667	0.72	0.72	0.723	0.748	0.764	0.871	0.764	0.686	0.791	0.758	0.758	0.662	0.739	0.732	0.7	0.719	0.722	0.788	0.687	0.588	0.776	0.864	0.736	0.68	0.748	0.705	0.687	0.697	0.75	0.777	0.693	0.57	0.767	0.886	0.764	0.684	0.706	0.711	0.729	0.713	0.763	0.796	0.627	0.57	0.729	0.791	0.755	0.666	0.728	0.707	0.736	0.728	0.728	0.797	0.622	0.473	0.797	0.799	0.74	0.654	0.705	0.738
Plate_2	9	0.721	0.729	0.749	0.764	0.707	0.651	0.78	0.716	0.729	0.669	0.691	0.725	0.713	0.724	0.733	0.771	0.673	0.656	0.792	0.772	0.736	0.669	0.724	0.715	0.72	0.751	0.761	0.809	0.775	0.666	0.779	0.827	0.755	0.684	0.731	0.73	0.731	0.752	0.766	0.856	0.762	0.696	0.8	0.772	0.759	0.677	0.74	0.745	0.711	0.729	0.729	0.803	0.688	0.614	0.788	0.845	0.738	0.689	0.752	0.718	0.701	0.707	0.749	0.785	0.704	0.592	0.787	0.872	0.764	0.693	0.721	0.721	0.738	0.724	0.767	0.807	0.636	0.593	0.738	0.801	0.755	0.669	0.735	0.712	0.749	0.74	0.735	0.811	0.648	0.502	0.804	0.791	0.747	0.669	0.716	0.746
Plate_2	10	0.73	0.74	0.758	0.775	0.712	0.666	0.789	0.731	0.735	0.683	0.703	0.732	0.723	0.736	0.741	0.774	0.681	0.674	0.813	0.768	0.746	0.686	0.736	0.73	0.733	0.759	0.766	0.814	0.781	0.69	0.785	0.828	0.756	0.701	0.745	0.737	0.737	0.761	0.769	0.847	0.77	0.714	0.807	0.783	0.767	0.693	0.744	0.756	0.72	0.738	0.736	0.815	0.696	0.629	0.804	0.833	0.752	0.692	0.759	0.727	0.713	0.72	0.755	0.794	0.714	0.61	0.813	0.881	0.762	0.709	0.736	0.728	0.746	0.733	0.775	0.815	0.647	0.606	0.745	0.81	0.757	0.674	0.746	0.72	0.757	0.75	0.75	0.821	0.651	0.535	0.813	0.787	0.756	0.677	0.729	0.761
Plate_2	11	0.733	0.742	0.765	0.781	0.71	0.688	0.784	0.737	0.747	0.69	0.711	0.741	0.727	0.743	0.745	0.775	0.684	0.684	0.791	0.765	0.751	0.698	0.74	0.736	0.741	0.763	0.762	0.805	0.78	0.701	0.795	0.821	0.759	0.714	0.748	0.743	0.737	0.761	0.771	0.829	0.772	0.72	0.814	0.779	0.763	0.7	0.748	0.763	0.725	0.74	0.742	0.809	0.7	0.645	0.806	0.831	0.754	0.697	0.764	0.735	0.721	0.721	0.752	0.791	0.725	0.629	0.793	0.876	0.763	0.715	0.745	0.737	0.748	0.737	0.77	0.815	0.655	0.622	0.759	0.815	0.764	0.676	0.75	0.725	0.761	0.758	0.757	0.832	0.662	0.549	0.815	0.785	0.759	0.685	0.737	0.767
Plate_2	12	0.736	0.74	0.767	0.786	0.714	0.692	0.788	0.732	0.747	0.695	0.711	0.741	0.73	0.744	0.749	0.774	0.686	0.682	0.791	0.771	0.751	0.704	0.744	0.738	0.738	0.768	0.758	0.811	0.774	0.706	0.798	0.815	0.773	0.72	0.756	0.744	0.738	0.759	0.769	0.825	0.768	0.727	0.815	0.783	0.764	0.705	0.747	0.763	0.729	0.742	0.743	0.808	0.707	0.661	0.812	0.795	0.759	0.7	0.766	0.735	0.725	0.724	0.754	0.796	0.73	0.646	0.791	0.828	0.765	0.718	0.746	0.734	0.749	0.739	0.77	0.811	0.657	0.637	0.767	0.796	0.765	0.674	0.753	0.732	0.764	0.76	0.763	0.84	0.672	0.568	0.821	0.784	0.76	0.69	0.742	0.767
Plate_2	13	0.734	0.74	0.768	0.79	0.71	0.691	0.788	0.74	0.747	0.695	0.718	0.743	0.728	0.742	0.746	0.772	0.685	0.689	0.79	0.765	0.749	0.706	0.742	0.74	0.741	0.768	0.755	0.815	0.763	0.712	0.796	0.816	0.767	0.725	0.759	0.746	0.737	0.759	0.764	0.824	0.766	0.731	0.819	0.782	0.77	0.711	0.75	0.764	0.729	0.742	0.742	0.806	0.707	0.674	0.812	0.793	0.759	0.701	0.764	0.739	0.725	0.724	0.753	0.8	0.731	0.658	0.803	0.783	0.767	0.718	0.752	0.738	0.747	0.739	0.767	0.806	0.665	0.648	0.77	0.771	0.763	0.675	0.752	0.733	0.764	0.761	0.762	0.837	0.679	0.589	0.82	0.782	0.761	0.694	0.746	0.772
Plate_2	14	0.733	0.738	0.765	0.792	0.705	0.691	0.786	0.737	0.74	0.697	0.714	0.741	0.725	0.739	0.744	0.766	0.685	0.69	0.787	0.761	0.746	0.709	0.742	0.742	0.738	0.767	0.751	0.809	0.759	0.714	0.798	0.808	0.771	0.729	0.758	0.746	0.737	0.758	0.761	0.818	0.765	0.729	0.814	0.788	0.771	0.713	0.752	0.767	0.728	0.74	0.741	0.806	0.708	0.687	0.813	0.791	0.763	0.7	0.764	0.737	0.725	0.724	0.749	0.792	0.73	0.668	0.803	0.784	0.767	0.716	0.757	0.735	0.744	0.738	0.764	0.804	0.665	0.655	0.774	0.763	0.762	0.674	0.751	0.731	0.764	0.762	0.765	0.841	0.68	0.605	0.821	0.784	0.761	0.696	0.748	0.772
Plate_2	15	0.729	0.735	0.759	0.791	0.697	0.689	0.791	0.738	0.736	0.695	0.712	0.741	0.72	0.739	0.742	0.762	0.684	0.687	0.782	0.76	0.739	0.711	0.737	0.738	0.735	0.763	0.744	0.809	0.75	0.713	0.792	0.8	0.765	0.73	0.751	0.746	0.733	0.754	0.757	0.807	0.759	0.728	0.805	0.779	0.767	0.712	0.748	0.768	0.725	0.737	0.742	0.793	0.706	0.689	0.811	0.781	0.759	0.699	0.761	0.732	0.723	0.721	0.744	0.78	0.725	0.671	0.799	0.782	0.766	0.713	0.75	0.734	0.739	0.737	0.757	0.8	0.66	0.656	0.775	0.761	0.756	0.671	0.749	0.728	0.765	0.764	0.766	0.839	0.679	0.617	0.82	0.782	0.761	0.697	0.751	0.772
Plate_2	16	0.726	0.734	0.754	0.786	0.691	0.682	0.781	0.734	0.731	0.69	0.707	0.736	0.715	0.736	0.739	0.761	0.679	0.68	0.776	0.757	0.736	0.709	0.729	0.731	0.733	0.761	0.742	0.802	0.745	0.704	0.788	0.791	0.761	0.728	0.75	0.744	0.73	0.75	0.755	0.799	0.75	0.724	0.801	0.775	0.77	0.712	0.744	0.764	0.722	0.734	0.738	0.781	0.702	0.691	0.803	0.779	0.753	0.696	0.756	0.728	0.72	0.719	0.737	0.773	0.718	0.669	0.795	0.777	0.762	0.709	0.748	0.731	0.735	0.732	0.751	0.792	0.655	0.655	0.773	0.757	0.755	0.668	0.745	0.724	0.764	0.762	0.765	0.837	0.675	0.621	0.82	0.78	0.759	0.696	0.75	0.772
Plate_2	17	0.724	0.734	0.752	0.786	0.683	0.673	0.78	0.731	0.727	0.687	0.706	0.735	0.714	0.737	0.737	0.763	0.672	0.673	0.772	0.752	0.735	0.707	0.727	0.73	0.733	0.757	0.74	0.795	0.742	0.697	0.788	0.79	0.758	0.726	0.746	0.744	0.727	0.747	0.752	0.795	0.745	0.72	0.796	0.772	0.765	0.71	0.74	0.762	0.72	0.731	0.735	0.777	0.699	0.69	0.797	0.776	0.754	0.693	0.753	0.727	0.719	0.718	0.733	0.767	0.718	0.666	0.794	0.771	0.76	0.706	0.747	0.727	0.731	0.73	0.747	0.787	0.652	0.65	0.774	0.756	0.75	0.666	0.743	0.721	0.764	0.763	0.765	0.835	0.672	0.623	0.819	0.779	0.761	0.695	0.751	0.771
Plate_2	18	0.723	0.73	0.75	0.781	0.683	0.66	0.775	0.729	0.728	0.685	0.705	0.732	0.713	0.733	0.736	0.759	0.667	0.669	0.769	0.752	0.732	0.704	0.73	0.73	0.731	0.755	0.737	0.787	0.739	0.69	0.783	0.785	0.754	0.722	0.743	0.744	0.725	0.744	0.748	0.789	0.736	0.713	0.792	0.767	0.764	0.708	0.737	0.759	0.719	0.728	0.733	0.772	0.694	0.686	0.796	0.771	0.749	0.691	0.75	0.723	0.717	0.715	0.728	0.763	0.714	0.662	0.791	0.768	0.756	0.704	0.744	0.724	0.726	0.728	0.742	0.783	0.644	0.644	0.77	0.752	0.745	0.664	0.74	0.717	0.764	0.763	0.764	0.833	0.667	0.622	0.819	0.778	0.759	0.695	0.751	0.768
Plate_2	19	0.718	0.734	0.747	0.778	0.677	0.656	0.769	0.73	0.725	0.681	0.702	0.732	0.71	0.732	0.733	0.757	0.663	0.658	0.765	0.75	0.732	0.7	0.72	0.731	0.73	0.751	0.734	0.786	0.735	0.684	0.778	0.781	0.752	0.718	0.739	0.741	0.721	0.74	0.744	0.787	0.734	0.703	0.788	0.765	0.76	0.705	0.737	0.759	0.717	0.727	0.73	0.767	0.688	0.677	0.791	0.773	0.748	0.688	0.746	0.722	0.716	0.714	0.727	0.76	0.704	0.656	0.785	0.764	0.751	0.701	0.741	0.721	0.724	0.725	0.74	0.778	0.638	0.635	0.767	0.746	0.742	0.662	0.736	0.715	0.763	0.762	0.764	0.827	0.662	0.618	0.818	0.777	0.761	0.693	0.753	0.76
Plate_2	20	0.716	0.73	0.743	0.77	0.664	0.648	0.763	0.728	0.723	0.678	0.701	0.728	0.71	0.731	0.73	0.759	0.662	0.648	0.758	0.747	0.729	0.696	0.716	0.727	0.725	0.749	0.73	0.783	0.726	0.677	0.774	0.775	0.75	0.716	0.736	0.738	0.72	0.738	0.741	0.784	0.723	0.698	0.787	0.758	0.758	0.699	0.735	0.755	0.717	0.725	0.729	0.765	0.682	0.67	0.785	0.765	0.746	0.684	0.743	0.721	0.719	0.714	0.724	0.758	0.7	0.65	0.784	0.76	0.746	0.698	0.74	0.72	0.723	0.725	0.737	0.774	0.63	0.625	0.764	0.743	0.737	0.659	0.733	0.714	0.768	0.764	0.765	0.834	0.657	0.613	0.82	0.776	0.763	0.692	0.755	0.762
Plate_2	21	0.716	0.729	0.741	0.761	0.66	0.64	0.762	0.727	0.719	0.674	0.699	0.726	0.709	0.733	0.728	0.758	0.661	0.643	0.756	0.743	0.726	0.693	0.714	0.73	0.726	0.745	0.728	0.78	0.722	0.668	0.771	0.772	0.744	0.71	0.735	0.739	0.719	0.737	0.739	0.781	0.717	0.691	0.782	0.753	0.752	0.696	0.729	0.758	0.714	0.723	0.724	0.763	0.676	0.66	0.78	0.765	0.742	0.68	0.741	0.719	0.716	0.712	0.723	0.753	0.694	0.639	0.782	0.755	0.743	0.695	0.736	0.718	0.723	0.721	0.734	0.769	0.621	0.615	0.762	0.739	0.735	0.657	0.732	0.713	0.769	0.765	0.766	0.828	0.65	0.604	0.819	0.776	0.765	0.691	0.757	0.763
Plate_2	22	0.717	0.729	0.741	0.768	0.654	0.635	0.761	0.724	0.716	0.672	0.699	0.725	0.709	0.734	0.727	0.76	0.674	0.636	0.755	0.739	0.726	0.69	0.712	0.728	0.726	0.746	0.727	0.776	0.715	0.66	0.769	0.767	0.742	0.705	0.726	0.738	0.718	0.737	0.734	0.778	0.715	0.682	0.778	0.75	0.747	0.692	0.723	0.754	0.715	0.72	0.722	0.76	0.668	0.65	0.778	0.759	0.738	0.677	0.738	0.72	0.716	0.712	0.721	0.752	0.689	0.632	0.778	0.75	0.741	0.693	0.731	0.717	0.723	0.723	0.732	0.766	0.613	0.606	0.756	0.733	0.731	0.655	0.728	0.712	0.773	0.766	0.765	0.83	0.645	0.596	0.82	0.778	0.768	0.689	0.76	0.763
Plate_2	23	0.717	0.732	0.742	0.771	0.648	0.626	0.762	0.725	0.718	0.672	0.701	0.725	0.711	0.731	0.725	0.75	0.658	0.629	0.751	0.74	0.726	0.688	0.714	0.731	0.727	0.743	0.725	0.772	0.71	0.654	0.764	0.765	0.739	0.702	0.727	0.739	0.719	0.735	0.734	0.775	0.708	0.681	0.773	0.746	0.747	0.688	0.725	0.754	0.715	0.722	0.722	0.757	0.664	0.643	0.772	0.756	0.737	0.673	0.737	0.719	0.718	0.716	0.725	0.749	0.682	0.624	0.774	0.749	0.739	0.691	0.73	0.718	0.725	0.726	0.73	0.761	0.607	0.596	0.753	0.732	0.73	0.656	0.725	0.712	0.776	0.771	0.767	0.832	0.64	0.587	0.821	0.78	0.768	0.69	0.761	0.763
Plate_3	0	0.257	0.258	0.248	0.233	0.251	0.247	0.244	0.255	0.254	0.254	0.231	0.262	0.243	0.253	0.24	0.236	0.245	0.242	0.253	0.251	0.249	0.248	0.238	0.256	0.252	0.236	0.242	0.23	0.243	0.253	0.244	0.248	0.24	0.239	0.232	0.239	0.252	0.251	0.25	0.236	0.255	0.244	0.26	0.264	0.241	0.254	0.238	0.25	0.271	0.254	0.247	0.224	0.243	0.242	0.259	0.252	0.244	0.242	0.216	0.241	0.261	0.247	0.236	0.214	0.248	0.242	0.269	0.249	0.241	0.246	0.217	0.256	0.273	0.26	0.229	0.228	0.255	0.244	0.26	0.254	0.249	0.255	0.226	0.265	0.264	0.262	0.248	0.231	0.262	0.251	0.259	0.249	0.258	0.27	0.224	0.262
Plate_3	1	0.364	0.397	0.323	0.254	0.349	0.366	0.352	0.387	0.372	0.352	0.297	0.375	0.333	0.365	0.3	0.261	0.336	0.323	0.384	0.373	0.353	0.342	0.301	0.347	0.346	0.322	0.292	0.246	0.314	0.354	0.361	0.369	0.329	0.329	0.293	0.315	0.354	0.364	0.302	0.259	0.354	0.362	0.396	0.387	0.356	0.348	0.313	0.346	0.369	0.383	0.284	0.241	0.339	0.362	0.372	0.36	0.328	0.312	0.231	0.306	0.361	0.354	0.263	0.228	0.347	0.386	0.398	0.355	0.329	0.332	0.232	0.354	0.361	0.381	0.274	0.246	0.389	0.377	0.4	0.365	0.356	0.367	0.247	0.371	0.371	0.41	0.316	0.251	0.382	0.383	0.445	0.353	0.409	0.428	0.244	0.394
Plate_3	2	0.496	0.55	0.484	0.337	0.535	0.588	0.573	0.552	0.509	0.518	0.413	0.497	0.465	0.542	0.49	0.361	0.552	0.557	0.588	0.543	0.523	0.486	0.416	0.509	0.481	0.488	0.457	0.317	0.545	0.597	0.537	0.541	0.486	0.498	0.42	0.482	0.493	0.531	0.471	0.345	0.572	0.629	0.578	0.577	0.54	0.53	0.443	0.54	0.503	0.55	0.423	0.293	0.543	0.542	0.529	0.543	0.468	0.476	0.259	0.487	0.488	0.508	0.403	0.276	0.524	0.533	0.546	0.518	0.489	0.481	0.259	0.535	0.496	0.568	0.441	0.316	0.604	0.567	0.572	0.547	0.529	0.54	0.284	0.553	0.517	0.579	0.492	0.324	0.531	0.544	0.634	0.548	0.568	0.592	0.276	0.56
Plate_3	3	0.546	0.59	0.559	0.416	0.6	0.636	0.642	0.606	0.548	0.561	0.465	0.576	0.527	0.592	0.62	0.468	0.65	0.658	0.655	0.598	0.562	0.554	0.471	0.573	0.535	0.551	0.594	0.426	0.675	0.718	0.621	0.621	0.556	0.586	0.486	0.545	0.538	0.593	0.579	0.459	0.679	0.753	0.664	0.678	0.61	0.603	0.502	0.606	0.563	0.607	0.551	0.358	0.626	0.62	0.602	0.632	0.53	0.578	0.292	0.602	0.547	0.564	0.555	0.35	0.588	0.555	0.608	0.601	0.558	0.547	0.29	0.626	0.554	0.615	0.636	0.395	0.695	0.628	0.65	0.622	0.591	0.616	0.322	0.636	0.572	0.633	0.594	0.406	0.592	0.607	0.695	0.626	0.614	0.642	0.31	0.63
Plate_3	4	0.6	0.634	0.6	0.456	0.641	0.667	0.665	0.637	0.583	0.6	0.502	0.66	0.559	0.626	0.659	0.513	0.703	0.693	0.698	0.643	0.595	0.609	0.505	0.652	0.57	0.581	0.637	0.485	0.746	0.77	0.643	0.663	0.579	0.636	0.514	0.611	0.588	0.632	0.617	0.505	0.717	0.786	0.697	0.734	0.625	0.628	0.53	0.686	0.589	0.641	0.582	0.398	0.649	0.637	0.635	0.676	0.56	0.656	0.328	0.66	0.585	0.602	0.603	0.412	0.63	0.576	0.644	0.634	0.572	0.591	0.322	0.697	0.587	0.648	0.721	0.438	0.718	0.65	0.687	0.668	0.616	0.669	0.351	0.672	0.614	0.67	0.627	0.428	0.646	0.641	0.717	0.657	0.636	0.691	0.339	0.692
Plate_3	5	0.655	0.686	0.653	0.5	0.69	0.694	0.699	0.681	0.634	0.657	0.565	0.689	0.616	0.68	0.706	0.552	0.749	0.715	0.726	0.688	0.643	0.655	0.557	0.69	0.632	0.632	0.679	0.519	0.78	0.793	0.691	0.697	0.616	0.669	0.561	0.684	0.647	0.689	0.657	0.539	0.754	0.79	0.74	0.759	0.644	0.685	0.581	0.722	0.646	0.689	0.615	0.419	0.694	0.666	0.702	0.701	0.605	0.728	0.36	0.681	0.64	0.668	0.688	0.431	0.676	0.617	0.698	0.683	0.616	0.655	0.352	0.714	0.637	0.689	0.774	0.456	0.747	0.675	0.73	0.709	0.639	0.724	0.383	0.71	0.665	0.714	0.653	0.445	0.693	0.686	0.742	0.708	0.671	0.735	0.371	0.703
Plate_3	6	0.689	0.712	0.692	0.562	0.711	0.716	0.739	0.715	0.665	0.696	0.621	0.683	0.666	0.708	0.733	0.598	0.767	0.736	0.767	0.725	0.686	0.694	0.604	0.686	0.679	0.677	0.712	0.567	0.809	0.8	0.733	0.736	0.67	0.719	0.603	0.695	0.689	0.706	0.694	0.587	0.764	0.779	0.757	0.769	0.677	0.719	0.622	0.709	0.688	0.713	0.648	0.456	0.732	0.699	0.749	0.75	0.657	0.756	0.415	0.686	0.685	0.704	0.739	0.457	0.722	0.661	0.748	0.735	0.683	0.693	0.401	0.703	0.686	0.721	0.775	0.495	0.759	0.687	0.754	0.767	0.678	0.749	0.435	0.712	0.694	0.727	0.677	0.503	0.724	0.708	0.79	0.751	0.699	0.732	0.422	0.698
Plate_3	7	0.686	0.711	0.715	0.618	0.71	0.717	0.742	0.709	0.671	0.692	0.631	0.693	0.684	0.708	0.735	0.641	0.752	0.729	0.743	0.727	0.687	0.69	0.624	0.696	0.686	0.683	0.721	0.614	0.788	0.785	0.756	0.727	0.678	0.707	0.623	0.692	0.692	0.705	0.71	0.624	0.75	0.757	0.76	0.756	0.693	0.716	0.638	0.705	0.692	0.704	0.674	0.517	0.741	0.719	0.748	0.755	0.673	0.756	0.474	0.679	0.698	0.704	0.746	0.506	0.736	0.672	0.756	0.74	0.694	0.694	0.457	0.689	0.691	0.722	0.771	0.551	0.752	0.693	0.754	0.774	0.69	0.741	0.488	0.702	0.692	0.72	0.704	0.566	0.723	0.71	0.812	0.756	0.696	0.728	0.476	0.691
Plate_3	8	0.692	0.715	0.733	0.659	0.718	0.711	0.732	0.708	0.673	0.695	0.638	0.705	0.683	0.711	0.744	0.68	0.752	0.721	0.742	0.724	0.686	0.691	0.633	0.706	0.688	0.687	0.731	0.657	0.764	0.761	0.739	0.729	0.677	0.704	0.634	0.699	0.697	0.712	0.721	0.659	0.749	0.745	0.753	0.758	0.694	0.711	0.646	0.71	0.694	0.702	0.7	0.575	0.735	0.717	0.755	0.746	0.668	0.73	0.523	0.671	0.695	0.7	0.756	0.565	0.728	0.673	0.754	0.743	0.663	0.691	0.508	0.686	0.694	0.712	0.771	0.603	0.75	0.68	0.741	0.737	0.684	0.728	0.532	0.705	0.696	0.72	0.726	0.618	0.73	0.71	0.821	0.739	0.691	0.73	0.524	0.695
Plate_3	9	0.7	0.724	0.745	0.686	0.728	0.719	0.732	0.711	0.685	0.705	0.655	0.714	0.693	0.722	0.756	0.707	0.754	0.727	0.754	0.732	0.695	0.699	0.648	0.713	0.699	0.697	0.748	0.688	0.763	0.755	0.741	0.73	0.685	0.707	0.646	0.708	0.708	0.714	0.738	0.687	0.753	0.742	0.753	0.76	0.695	0.712	0.659	0.719	0.702	0.715	0.719	0.628	0.734	0.721	0.748	0.742	0.678	0.718	0.561	0.68	0.708	0.705	0.767	0.617	0.741	0.676	0.769	0.736	0.665	0.704	0.551	0.693	0.697	0.717	0.755	0.648	0.756	0.686	0.748	0.742	0.687	0.725	0.565	0.711	0.704	0.731	0.74	0.664	0.737	0.715	0.794	0.737	0.696	0.741	0.563	0.702
Plate_3	10	0.709	0.733	0.758	0.71	0.734	0.723	0.737	0.723	0.696	0.716	0.67	0.722	0.706	0.733	0.768	0.731	0.765	0.733	0.754	0.737	0.705	0.707	0.663	0.724	0.709	0.71	0.76	0.715	0.771	0.756	0.754	0.749	0.698	0.716	0.661	0.72	0.721	0.725	0.751	0.708	0.763	0.744	0.756	0.77	0.703	0.721	0.672	0.73	0.716	0.726	0.736	0.675	0.745	0.729	0.758	0.748	0.685	0.715	0.582	0.688	0.718	0.715	0.782	0.662	0.749	0.689	0.782	0.737	0.676	0.714	0.575	0.703	0.709	0.724	0.765	0.689	0.764	0.696	0.749	0.741	0.7	0.726	0.588	0.718	0.712	0.739	0.751	0.708	0.75	0.725	0.782	0.737	0.71	0.751	0.587	0.708
Plate_3	11	0.714	0.741	0.765	0.726	0.742	0.725	0.744	0.73	0.71	0.72	0.682	0.731	0.718	0.741	0.766	0.747	0.764	0.736	0.76	0.75	0.71	0.711	0.676	0.73	0.717	0.719	0.768	0.735	0.774	0.755	0.757	0.758	0.706	0.721	0.674	0.726	0.729	0.733	0.756	0.726	0.767	0.75	0.768	0.766	0.709	0.729	0.685	0.738	0.725	0.733	0.748	0.713	0.755	0.737	0.763	0.751	0.696	0.718	0.597	0.698	0.726	0.719	0.788	0.7	0.76	0.699	0.779	0.746	0.691	0.724	0.587	0.71	0.717	0.729	0.768	0.723	0.771	0.703	0.759	0.743	0.709	0.73	0.602	0.726	0.719	0.74	0.758	0.74	0.763	0.73	0.778	0.739	0.717	0.755	0.6	0.716
Plate_3	12	0.715	0.746	0.765	0.731	0.744	0.724	0.747	0.736	0.709	0.72	0.687	0.733	0.722	0.746	0.769	0.752	0.762	0.739	0.76	0.753	0.715	0.714	0.679	0.734	0.719	0.729	0.768	0.745	0.771	0.753	0.758	0.757	0.713	0.729	0.678	0.731	0.732	0.736	0.757	0.733	0.768	0.753	0.77	0.773	0.718	0.732	0.691	0.742	0.731	0.737	0.751	0.742	0.762	0.739	0.763	0.75	0.701	0.719	0.605	0.704	0.732	0.723	0.789	0.732	0.765	0.708	0.781	0.75	0.692	0.727	0.6	0.714	0.722	0.738	0.77	0.742	0.774	0.707	0.763	0.742	0.715	0.73	0.612	0.73	0.722	0.742	0.758	0.751	0.77	0.735	0.786	0.74	0.72	0.755	0.612	0.719
Plate_3	13	0.718	0.748	0.765	0.732	0.745	0.725	0.749	0.738	0.714	0.722	0.69	0.736	0.723	0.747	0.768	0.753	0.762	0.74	0.763	0.756	0.708	0.711	0.68	0.733	0.721	0.733	0.765	0.749	0.772	0.751	0.76	0.756	0.715	0.727	0.683	0.733	0.734	0.741	0.756	0.736	0.77	0.751	0.78	0.77	0.723	0.733	0.695	0.744	0.732	0.741	0.75	0.755	0.767	0.739	0.762	0.754	0.7	0.721	0.613	0.707	0.735	0.726	0.789	0.748	0.771	0.709	0.781	0.751	0.694	0.73	0.61	0.713	0.728	0.736	0.769	0.749	0.774	0.714	0.765	0.741	0.724	0.728	0.62	0.728	0.722	0.742	0.754	0.747	0.771	0.737	0.781	0.739	0.724	0.754	0.621	0.718
Plate_3	14	0.716	0.744	0.761	0.73	0.749	0.724	0.752	0.741	0.713	0.721	0.693	0.738	0.723	0.746	0.765	0.75	0.764	0.739	0.764	0.756	0.709	0.713	0.683	0.735	0.722	0.731	0.765	0.75	0.772	0.744	0.767	0.763	0.715	0.728	0.685	0.738	0.732	0.74	0.753	0.737	0.771	0.75	0.781	0.773	0.724	0.736	0.697	0.748	0.733	0.74	0.749	0.758	0.769	0.743	0.769	0.751	0.703	0.726	0.62	0.707	0.735	0.728	0.788	0.752	0.777	0.708	0.784	0.751	0.698	0.73	0.616	0.714	0.729	0.741	0.765	0.744	0.778	0.714	0.767	0.738	0.723	0.727	0.624	0.728	0.722	0.74	0.749	0.734	0.771	0.732	0.783	0.739	0.72	0.754	0.626	0.719
Plate_3	15	0.714	0.738	0.755	0.725	0.743	0.721	0.751	0.735	0.713	0.72	0.694	0.738	0.722	0.745	0.759	0.746	0.762	0.733	0.76	0.754	0.708	0.71	0.68	0.738	0.72	0.731	0.759	0.747	0.767	0.741	0.765	0.755	0.714	0.726	0.687	0.74	0.729	0.741	0.75	0.735	0.769	0.748	0.782	0.762	0.72	0.732	0.696	0.749	0.732	0.74	0.741	0.749	0.772	0.743	0.765	0.752	0.7	0.722	0.623	0.706	0.733	0.729	0.782	0.748	0.781	0.707	0.778	0.747	0.698	0.727	0.62	0.712	0.726	0.737	0.759	0.731	0.777	0.71	0.76	0.735	0.722	0.723	0.625	0.726	0.722	0.739	0.741	0.718	0.768	0.728	0.776	0.736	0.715	0.753	0.629	0.715
Plate_3	16	0.707	0.731	0.75	0.718	0.74	0.717	0.749	0.733	0.714	0.719	0.694	0.738	0.718	0.739	0.755	0.738	0.756	0.728	0.757	0.751	0.706	0.708	0.68	0.738	0.717	0.728	0.753	0.741	0.763	0.735	0.763	0.752	0.716	0.723	0.684	0.739	0.728	0.741	0.745	0.731	0.769	0.748	0.779	0.758	0.715	0.733	0.696	0.748	0.73	0.741	0.733	0.736	0.772	0.74	0.762	0.746	0.699	0.719	0.625	0.703	0.729	0.726	0.773	0.736	0.778	0.703	0.774	0.743	0.695	0.724	0.623	0.71	0.723	0.732	0.75	0.717	0.774	0.702	0.756	0.732	0.719	0.72	0.625	0.723	0.72	0.735	0.734	0.706	0.765	0.72	0.767	0.733	0.711	0.743	0.63	0.713
Plate_3	17	0.709	0.728	0.746	0.71	0.737	0.716	0.75	0.728	0.711	0.718	0.693	0.736	0.715	0.736	0.75	0.73	0.755	0.724	0.757	0.747	0.705	0.707	0.682	0.737	0.713	0.724	0.749	0.735	0.763	0.735	0.757	0.752	0.712	0.72	0.683	0.739	0.727	0.74	0.741	0.725	0.767	0.745	0.774	0.754	0.714	0.728	0.696	0.746	0.726	0.739	0.725	0.724	0.772	0.735	0.757	0.743	0.693	0.717	0.624	0.703	0.724	0.725	0.765	0.723	0.779	0.701	0.77	0.741	0.689	0.723	0.623	0.709	0.73	0.73	0.742	0.708	0.774	0.701	0.751	0.728	0.714	0.718	0.624	0.72	0.717	0.732	0.727	0.697	0.764	0.712	0.765	0.728	0.706	0.743	0.629	0.713
Plate_3	18	0.702	0.724	0.748	0.7	0.736	0.714	0.75	0.727	0.706	0.72	0.693	0.736	0.712	0.732	0.743	0.721	0.754	0.721	0.753	0.747	0.705	0.706	0.681	0.736	0.709	0.723	0.743	0.726	0.758	0.732	0.756	0.749	0.712	0.718	0.687	0.738	0.722	0.736	0.738	0.716	0.763	0.739	0.772	0.751	0.713	0.727	0.695	0.742	0.724	0.735	0.72	0.71	0.766	0.731	0.755	0.74	0.696	0.713	0.623	0.703	0.721	0.724	0.757	0.711	0.776	0.697	0.77	0.739	0.686	0.722	0.623	0.708	0.723	0.727	0.734	0.699	0.773	0.694	0.748	0.727	0.713	0.717	0.622	0.718	0.716	0.727	0.721	0.688	0.763	0.706	0.761	0.724	0.698	0.742	0.628	0.71
Plate_3	19	0.708	0.723	0.741	0.69	0.727	0.706	0.745	0.721	0.704	0.717	0.693	0.733	0.71	0.728	0.741	0.709	0.749	0.715	0.75	0.737	0.702	0.704	0.679	0.733	0.708	0.718	0.738	0.716	0.754	0.726	0.752	0.744	0.709	0.717	0.682	0.735	0.719	0.732	0.731	0.707	0.76	0.734	0.765	0.746	0.712	0.722	0.693	0.74	0.718	0.73	0.717	0.7	0.762	0.724	0.753	0.734	0.692	0.709	0.622	0.701	0.719	0.722	0.75	0.701	0.772	0.69	0.766	0.735	0.682	0.719	0.62	0.704	0.722	0.727	0.728	0.691	0.769	0.692	0.742	0.719	0.708	0.715	0.62	0.715	0.714	0.724	0.716	0.682	0.761	0.698	0.759	0.72	0.695	0.737	0.626	0.711
Plate_3	20	0.705	0.714	0.735	0.683	0.726	0.706	0.737	0.716	0.701	0.712	0.691	0.739	0.706	0.724	0.735	0.7	0.741	0.711	0.745	0.731	0.696	0.698	0.676	0.73	0.707	0.716	0.736	0.707	0.75	0.73	0.75	0.744	0.705	0.714	0.68	0.733	0.714	0.726	0.726	0.698	0.754	0.728	0.759	0.743	0.703	0.719	0.689	0.737	0.718	0.725	0.715	0.691	0.758	0.716	0.747	0.729	0.685	0.704	0.62	0.699	0.713	0.717	0.737	0.692	0.767	0.681	0.761	0.73	0.679	0.711	0.62	0.705	0.718	0.722	0.722	0.686	0.764	0.683	0.741	0.715	0.703	0.708	0.618	0.715	0.715	0.722	0.711	0.676	0.757	0.699	0.759	0.719	0.687	0.73	0.625	0.709
Plate_3	21	0.702	0.714	0.732	0.676	0.724	0.702	0.733	0.715	0.701	0.713	0.691	0.738	0.706	0.721	0.73	0.693	0.734	0.707	0.742	0.726	0.697	0.7	0.676	0.733	0.706	0.715	0.732	0.699	0.744	0.72	0.746	0.739	0.702	0.714	0.678	0.731	0.717	0.723	0.723	0.691	0.747	0.723	0.758	0.736	0.703	0.719	0.688	0.74	0.717	0.721	0.709	0.686	0.753	0.711	0.749	0.73	0.681	0.702	0.62	0.704	0.711	0.716	0.73	0.686	0.761	0.679	0.759	0.726	0.679	0.709	0.618	0.705	0.718	0.719	0.719	0.68	0.761	0.68	0.737	0.717	0.701	0.706	0.617	0.717	0.716	0.719	0.706	0.672	0.749	0.702	0.754	0.716	0.686	0.727	0.625	0.711
Plate_3	22	0.701	0.71	0.73	0.672	0.722	0.698	0.73	0.708	0.697	0.714	0.688	0.739	0.706	0.721	0.73	0.688	0.729	0.704	0.738	0.723	0.696	0.7	0.675	0.731	0.704	0.71	0.727	0.692	0.738	0.715	0.743	0.738	0.699	0.712	0.675	0.732	0.719	0.72	0.72	0.684	0.741	0.718	0.754	0.733	0.7	0.718	0.684	0.738	0.717	0.718	0.703	0.68	0.748	0.704	0.747	0.727	0.682	0.702	0.619	0.704	0.71	0.713	0.726	0.68	0.757	0.674	0.757	0.729	0.675	0.709	0.617	0.706	0.718	0.716	0.715	0.674	0.755	0.674	0.734	0.717	0.696	0.705	0.619	0.717	0.715	0.717	0.704	0.668	0.742	0.688	0.753	0.715	0.683	0.723	0.625	0.709
Plate_3	23	0.702	0.715	0.728	0.669	0.723	0.698	0.729	0.706	0.698	0.716	0.69	0.742	0.705	0.719	0.727	0.684	0.726	0.701	0.735	0.721	0.695	0.701	0.675	0.736	0.705	0.708	0.724	0.687	0.733	0.71	0.738	0.743	0.698	0.714	0.674	0.73	0.718	0.719	0.718	0.68	0.738	0.714	0.745	0.729	0.698	0.717	0.683	0.741	0.716	0.716	0.699	0.677	0.742	0.698	0.745	0.726	0.677	0.699	0.62	0.705	0.708	0.713	0.722	0.676	0.755	0.672	0.755	0.725	0.672	0.708	0.619	0.707	0.716	0.719	0.713	0.671	0.751	0.672	0.734	0.713	0.69	0.704	0.623	0.719	0.717	0.717	0.702	0.666	0.737	0.679	0.75	0.715	0.679	0.722	0.632	0.711
Plate_4	0	0.248	0.23	0.239	0.317	0.233	0.228	0.156	0.152	0.161	0.153	0.154	0.156	0.231	0.233	0.236	0.22	0.239	0.24	0.164	0.164	0.16	0.155	0.161	0.156	0.233	0.233	0.234	0.292	0.227	0.243	0.154	0.162	0.163	0.155	0.16	0.157	0.223	0.237	0.225	0.211	0.223	0.236	0.155	0.155	0.157	0.157	0.158	0.153	0.224	0.222	0.222	0.239	0.24	0.23	0.16	0.159	0.154	0.158	0.159	0.16	0.237	0.222	0.22	0.273	0.239	0.244	0.155	0.157	0.152	0.154	0.163	0.159	0.256	0.233	0.226	0.392	0.235	0.243	0.152	0.167	0.153	0.158	0.162	0.162	0.24	0.23	0.241	0.289	0.233	0.24	0.159	0.168	0.167	0.156	0.16	0.159
Plate_4	1	0.379	0.347	0.363	0.48	0.36	0.315	0.157	0.153	0.161	0.155	0.155	0.157	0.332	0.344	0.36	0.275	0.37	0.342	0.164	0.164	0.16	0.155	0.161	0.157	0.341	0.338	0.309	0.44	0.315	0.353	0.154	0.163	0.163	0.155	0.16	0.157	0.301	0.321	0.305	0.243	0.313	0.323	0.156	0.155	0.157	0.157	0.158	0.153	0.317	0.301	0.311	0.299	0.362	0.318	0.16	0.16	0.155	0.159	0.159	0.16	0.368	0.322	0.305	0.408	0.36	0.355	0.156	0.158	0.153	0.154	0.162	0.159	0.413	0.339	0.334	0.563	0.346	0.298	0.153	0.166	0.154	0.158	0.162	0.162	0.323	0.35	0.388	0.455	0.367	0.318	0.159	0.166	0.167	0.157	0.157	0.159
Plate_4	2	0.533	0.521	0.542	0.662	0.549	0.49	0.157	0.153	0.161	0.155	0.155	0.157	0.488	0.512	0.542	0.429	0.591	0.543	0.164	0.164	0.16	0.156	0.162	0.157	0.538	0.554	0.526	0.619	0.459	0.543	0.155	0.163	0.163	0.156	0.16	0.157	0.513	0.546	0.543	0.343	0.499	0.535	0.157	0.156	0.158	0.158	0.159	0.154	0.528	0.517	0.537	0.375	0.541	0.555	0.161	0.16	0.155	0.159	0.16	0.161	0.582	0.544	0.547	0.643	0.635	0.604	0.157	0.159	0.154	0.153	0.163	0.16	0.627	0.521	0.534	0.727	0.567	0.488	0.154	0.166	0.154	0.158	0.162	0.162	0.499	0.535	0.604	0.661	0.565	0.536	0.16	0.165	0.168	0.157	0.157	0.16
Plate_4	3	0.573	0.57	0.582	0.777	0.599	0.571	0.158	0.154	0.16	0.157	0.156	0.158	0.535	0.56	0.599	0.492	0.66	0.63	0.163	0.164	0.16	0.156	0.162	0.158	0.592	0.621	0.628	0.717	0.529	0.64	0.155	0.164	0.163	0.156	0.159	0.157	0.583	0.636	0.649	0.417	0.573	0.648	0.157	0.157	0.158	0.158	0.159	0.154	0.586	0.599	0.613	0.424	0.601	0.706	0.161	0.161	0.155	0.16	0.16	0.161	0.626	0.599	0.636	0.77	0.742	0.715	0.157	0.159	0.154	0.154	0.162	0.161	0.713	0.584	0.585	0.878	0.625	0.59	0.154	0.165	0.155	0.158	0.162	0.163	0.558	0.579	0.652	0.753	0.613	0.658	0.16	0.164	0.169	0.157	0.158	0.16
Plate_4	4	0.627	0.603	0.616	0.873	0.697	0.592	0.158	0.154	0.16	0.157	0.156	0.158	0.564	0.597	0.636	0.537	0.736	0.638	0.163	0.163	0.16	0.157	0.163	0.158	0.625	0.653	0.646	0.77	0.613	0.672	0.155	0.164	0.162	0.157	0.159	0.157	0.604	0.659	0.674	0.426	0.634	0.711	0.157	0.157	0.158	0.158	0.16	0.155	0.611	0.613	0.632	0.463	0.631	0.765	0.161	0.161	0.156	0.161	0.161	0.162	0.651	0.611	0.642	0.829	0.742	0.732	0.158	0.16	0.155	0.155	0.161	0.161	0.745	0.616	0.611	1.015	0.652	0.624	0.155	0.165	0.156	0.159	0.163	0.163	0.588	0.603	0.687	0.869	0.659	0.672	0.16	0.164	0.169	0.157	0.158	0.161
Plate_4	5	0.698	0.667	0.682	0.908	0.757	0.629	0.158	0.155	0.16	0.158	0.156	0.159	0.635	0.661	0.697	0.591	0.794	0.674	0.164	0.163	0.16	0.157	0.163	0.159	0.686	0.697	0.676	0.828	0.708	0.702	0.156	0.165	0.162	0.157	0.16	0.157	0.659	0.704	0.722	0.444	0.712	0.723	0.158	0.158	0.159	0.158	0.16	0.155	0.667	0.657	0.672	0.5	0.686	0.805	0.161	0.162	0.156	0.161	0.162	0.162	0.706	0.661	0.678	0.92	0.749	0.751	0.158	0.16	0.155	0.156	0.162	0.161	0.796	0.672	0.662	1.027	0.707	0.644	0.155	0.165	0.156	0.158	0.163	0.163	0.653	0.661	0.741	0.932	0.717	0.664	0.161	0.165	0.17	0.158	0.158	0.161
Plate_4	6	0.728	0.713	0.726	0.903	0.737	0.688	0.158	0.155	0.16	0.158	0.156	0.158	0.695	0.712	0.745	0.693	0.778	0.732	0.164	0.163	0.16	0.157	0.163	0.159	0.726	0.729	0.731	0.857	0.738	0.743	0.156	0.165	0.16	0.157	0.159	0.157	0.708	0.744	0.763	0.558	0.738	0.744	0.158	0.158	0.159	0.158	0.16	0.156	0.713	0.706	0.722	0.519	0.724	0.786	0.161	0.162	0.156	0.162	0.161	0.162	0.738	0.701	0.724	0.972	0.771	0.778	0.158	0.16	0.155	0.156	0.162	0.161	0.809	0.719	0.713	0.936	0.746	0.696	0.156	0.165	0.156	0.159	0.163	0.163	0.71	0.714	0.77	0.963	0.75	0.705	0.161	0.164	0.17	0.158	0.159	0.161
Plate_4	7	0.736	0.724	0.736	0.925	0.755	0.726	0.158	0.155	0.16	0.158	0.156	0.158	0.719	0.73	0.745	0.74	0.773	0.754	0.164	0.163	0.16	0.157	0.164	0.159	0.733	0.733	0.75	0.882	0.742	0.759	0.156	0.166	0.16	0.157	0.159	0.157	0.726	0.752	0.768	0.709	0.739	0.765	0.158	0.158	0.159	0.158	0.16	0.156	0.727	0.728	0.736	0.53	0.73	0.78	0.161	0.161	0.155	0.161	0.161	0.162	0.738	0.713	0.734	0.977	0.759	0.776	0.158	0.161	0.155	0.156	0.161	0.161	0.805	0.729	0.731	0.952	0.754	0.733	0.156	0.166	0.157	0.158	0.164	0.163	0.731	0.732	0.765	1.014	0.752	0.742	0.161	0.164	0.17	0.158	0.159	0.161
Plate_4	8	0.744	0.73	0.744	0.971	0.773	0.752	0.158	0.155	0.159	0.158	0.156	0.158	0.727	0.733	0.752	0.748	0.793	0.758	0.163	0.162	0.159	0.157	0.163	0.159	0.737	0.736	0.742	0.914	0.757	0.766	0.156	0.166	0.16	0.157	0.158	0.157	0.723	0.747	0.755	0.817	0.758	0.766	0.158	0.158	0.159	0.157	0.159	0.155	0.724	0.728	0.73	0.534	0.732	0.771	0.16	0.159	0.155	0.161	0.161	0.162	0.739	0.711	0.728	0.962	0.745	0.758	0.158	0.161	0.156	0.156	0.16	0.161	0.814	0.733	0.733	0.954	0.746	0.753	0.156	0.165	0.157	0.159	0.164	0.163	0.728	0.735	0.763	1.064	0.754	0.756	0.16	0.164	0.17	0.158	0.159	0.161
Plate_4	9	0.759	0.744	0.756	1.025	0.793	0.753	0.158	0.154	0.158	0.158	0.156	0.158	0.741	0.744	0.76	0.769	0.8	0.761	0.163	0.162	0.159	0.157	0.163	0.159	0.75	0.745	0.742	0.943	0.775	0.76	0.156	0.165	0.159	0.157	0.158	0.157	0.732	0.749	0.756	0.86	0.771	0.757	0.158	0.157	0.159	0.157	0.159	0.155	0.737	0.73	0.735	0.553	0.739	0.758	0.16	0.159	0.155	0.161	0.16	0.162	0.746	0.719	0.729	1.009	0.751	0.754	0.158	0.16	0.155	0.155	0.16	0.161	0.82	0.737	0.742	0.952	0.751	0.753	0.156	0.165	0.156	0.159	0.163	0.163	0.743	0.746	0.772	1.108	0.765	0.755	0.16	0.163	0.17	0.157	0.158	0.161
Plate_4	10	0.768	0.756	0.767	1.059	0.805	0.762	0.158	0.154	0.157	0.158	0.156	0.157	0.752	0.756	0.769	0.804	0.811	0.772	0.163	0.161	0.158	0.156	0.163	0.158	0.761	0.753	0.75	0.977	0.791	0.769	0.155	0.164	0.159	0.157	0.158	0.157	0.744	0.756	0.762	0.911	0.785	0.76	0.157	0.157	0.158	0.156	0.158	0.155	0.745	0.742	0.743	0.555	0.751	0.759	0.159	0.159	0.154	0.161	0.16	0.161	0.759	0.731	0.742	1.072	0.757	0.759	0.158	0.16	0.155	0.155	0.159	0.161	0.827	0.748	0.755	0.955	0.762	0.757	0.156	0.164	0.156	0.158	0.163	0.163	0.755	0.756	0.783	1.146	0.778	0.763	0.159	0.163	0.169	0.157	0.158	0.16
Plate_4	11	0.772	0.761	0.771	1.092	0.812	0.77	0.157	0.154	0.156	0.157	0.155	0.157	0.76	0.763	0.774	0.841	0.818	0.776	0.162	0.161	0.158	0.156	0.162	0.158	0.768	0.761	0.758	1.005	0.794	0.775	0.155	0.164	0.158	0.156	0.157	0.156	0.754	0.763	0.767	0.957	0.792	0.766	0.157	0.156	0.157	0.156	0.157	0.154	0.754	0.747	0.748	0.545	0.758	0.762	0.158	0.158	0.154	0.16	0.159	0.161	0.767	0.741	0.75	1.12	0.764	0.762	0.157	0.16	0.154	0.155	0.159	0.16	0.835	0.756	0.762	0.954	0.773	0.764	0.156	0.164	0.156	0.158	0.162	0.162	0.762	0.764	0.79	1.18	0.785	0.768	0.159	0.162	0.168	0.156	0.157	0.16
Plate_4	12	0.774	0.764	0.776	1.124	0.818	0.771	0.157	0.153	0.156	0.157	0.155	0.157	0.764	0.767	0.781	0.882	0.824	0.776	0.161	0.16	0.157	0.156	0.162	0.157	0.773	0.764	0.766	1.028	0.803	0.78	0.155	0.164	0.158	0.156	0.156	0.155	0.759	0.768	0.771	1.005	0.799	0.77	0.156	0.156	0.157	0.155	0.156	0.154	0.763	0.755	0.756	0.54	0.763	0.763	0.158	0.158	0.153	0.16	0.158	0.16	0.769	0.748	0.757	1.149	0.769	0.762	0.156	0.159	0.154	0.154	0.158	0.16	0.836	0.761	0.769	0.954	0.777	0.767	0.155	0.163	0.155	0.157	0.162	0.162	0.767	0.768	0.795	1.208	0.79	0.773	0.159	0.161	0.168	0.156	0.157	0.159
Plate_4	13	0.772	0.765	0.777	1.15	0.817	0.77	0.156	0.153	0.155	0.157	0.154	0.156	0.767	0.768	0.781	0.924	0.827	0.776	0.161	0.159	0.156	0.155	0.161	0.157	0.773	0.767	0.771	1.046	0.803	0.779	0.154	0.163	0.157	0.155	0.155	0.155	0.762	0.769	0.775	1.048	0.803	0.769	0.155	0.155	0.156	0.154	0.155	0.153	0.761	0.758	0.759	0.536	0.765	0.761	0.156	0.157	0.152	0.159	0.158	0.159	0.773	0.748	0.76	1.16	0.77	0.761	0.155	0.158	0.154	0.154	0.158	0.159	0.84	0.764	0.771	0.953	0.779	0.769	0.154	0.162	0.155	0.157	0.161	0.161	0.773	0.769	0.795	1.22	0.792	0.772	0.158	0.16	0.167	0.155	0.156	0.159
Plate_4	14	0.773	0.766	0.777	1.176	0.818	0.765	0.155	0.152	0.154	0.156	0.154	0.156	0.768	0.768	0.78	0.958	0.828	0.773	0.16	0.158	0.155	0.154	0.16	0.156	0.775	0.768	0.772	1.064	0.803	0.779	0.153	0.162	0.156	0.154	0.154	0.154	0.764	0.772	0.775	1.073	0.802	0.77	0.154	0.154	0.155	0.153	0.154	0.152	0.766	0.759	0.759	0.532	0.766	0.759	0.156	0.156	0.152	0.158	0.157	0.159	0.773	0.75	0.761	1.156	0.769	0.757	0.154	0.158	0.153	0.153	0.157	0.158	0.84	0.765	0.773	0.951	0.779	0.767	0.153	0.161	0.154	0.155	0.16	0.161	0.775	0.772	0.795	1.22	0.792	0.769	0.157	0.159	0.167	0.155	0.156	0.158
Plate_4	15	0.773	0.764	0.775	1.193	0.82	0.764	0.154	0.152	0.154	0.158	0.153	0.156	0.77	0.768	0.779	0.992	0.829	0.769	0.159	0.158	0.155	0.154	0.16	0.156	0.772	0.765	0.77	1.082	0.805	0.773	0.153	0.162	0.156	0.154	0.154	0.154	0.764	0.77	0.776	1.089	0.801	0.764	0.154	0.154	0.155	0.153	0.153	0.152	0.766	0.758	0.759	0.528	0.765	0.756	0.155	0.156	0.151	0.158	0.156	0.159	0.773	0.751	0.761	1.147	0.769	0.751	0.154	0.157	0.152	0.153	0.156	0.158	0.841	0.764	0.773	0.94	0.782	0.764	0.153	0.161	0.153	0.155	0.16	0.16	0.777	0.773	0.796	1.208	0.793	0.768	0.157	0.159	0.166	0.154	0.155	0.158
Plate_4	16	0.775	0.763	0.775	1.21	0.823	0.762	0.154	0.152	0.154	0.157	0.153	0.156	0.772	0.769	0.78	1.02	0.828	0.767	0.158	0.157	0.155	0.153	0.159	0.156	0.772	0.763	0.774	1.095	0.803	0.771	0.153	0.161	0.155	0.154	0.153	0.153	0.764	0.768	0.775	1.094	0.801	0.762	0.153	0.153	0.154	0.152	0.153	0.152	0.766	0.758	0.758	0.522	0.763	0.753	0.154	0.155	0.151	0.157	0.156	0.158	0.774	0.75	0.762	1.129	0.769	0.748	0.153	0.157	0.152	0.152	0.155	0.158	0.839	0.763	0.773	0.941	0.782	0.76	0.153	0.16	0.153	0.155	0.159	0.16	0.777	0.774	0.796	1.195	0.795	0.764	0.157	0.158	0.166	0.154	0.155	0.157
Plate_4	17	0.775	0.762	0.777	1.221	0.821	0.759	0.153	0.151	0.153	0.157	0.153	0.156	0.774	0.769	0.778	1.047	0.826	0.764	0.158	0.156	0.154	0.153	0.159	0.155	0.773	0.762	0.772	1.108	0.802	0.766	0.152	0.161	0.154	0.153	0.152	0.153	0.765	0.767	0.772	1.088	0.8	0.759	0.153	0.153	0.153	0.152	0.152	0.151	0.767	0.756	0.757	0.514	0.763	0.748	0.154	0.155	0.15	0.157	0.155	0.158	0.776	0.752	0.761	1.114	0.769	0.745	0.152	0.156	0.152	0.152	0.155	0.157	0.839	0.764	0.774	0.937	0.781	0.758	0.152	0.159	0.152	0.154	0.159	0.16	0.777	0.776	0.798	1.18	0.797	0.763	0.156	0.158	0.165	0.154	0.154	0.157
Plate_4	18	0.772	0.764	0.779	1.23	0.825	0.756	0.153	0.151	0.153	0.158	0.153	0.156	0.777	0.77	0.781	1.07	0.825	0.763	0.157	0.156	0.154	0.153	0.158	0.155	0.778	0.761	0.772	1.117	0.801	0.761	0.152	0.16	0.154	0.153	0.152	0.153	0.767	0.768	0.77	1.076	0.802	0.756	0.153	0.152	0.153	0.151	0.152	0.151	0.767	0.756	0.756	0.516	0.763	0.745	0.153	0.154	0.15	0.157	0.155	0.157	0.776	0.752	0.76	1.1	0.769	0.742	0.152	0.156	0.151	0.151	0.155	0.157	0.84	0.763	0.776	0.937	0.781	0.755	0.152	0.159	0.152	0.154	0.159	0.159	0.776	0.78	0.8	1.168	0.796	0.761	0.156	0.157	0.165	0.154	0.154	0.157
Plate_4	19	0.778	0.766	0.781	1.23	0.825	0.755	0.153	0.151	0.153	0.158	0.152	0.156	0.778	0.772	0.778	1.09	0.822	0.763	0.157	0.155	0.153	0.152	0.158	0.155	0.782	0.764	0.77	1.126	0.8	0.761	0.152	0.16	0.153	0.153	0.152	0.152	0.772	0.765	0.769	1.067	0.809	0.755	0.152	0.152	0.153	0.151	0.151	0.151	0.772	0.756	0.755	0.515	0.764	0.743	0.153	0.154	0.15	0.156	0.154	0.157	0.78	0.755	0.761	1.092	0.772	0.739	0.152	0.156	0.151	0.151	0.154	0.157	0.842	0.764	0.778	0.935	0.78	0.754	0.151	0.158	0.152	0.153	0.158	0.159	0.78	0.78	0.801	1.158	0.799	0.76	0.155	0.157	0.165	0.154	0.154	0.157
Plate_4	20	0.778	0.767	0.782	1.226	0.83	0.753	0.153	0.151	0.153	0.159	0.153	0.157	0.78	0.775	0.78	1.106	0.827	0.763	0.157	0.155	0.153	0.152	0.158	0.155	0.782	0.768	0.773	1.133	0.803	0.759	0.152	0.16	0.153	0.153	0.152	0.152	0.774	0.77	0.77	1.053	0.813	0.756	0.152	0.152	0.153	0.151	0.151	0.151	0.777	0.758	0.757	0.509	0.771	0.744	0.153	0.154	0.15	0.156	0.154	0.157	0.781	0.758	0.763	1.083	0.773	0.739	0.151	0.156	0.151	0.151	0.154	0.156	0.843	0.767	0.783	0.932	0.783	0.753	0.152	0.158	0.152	0.154	0.158	0.159	0.782	0.785	0.804	1.146	0.802	0.759	0.156	0.157	0.165	0.154	0.154	0.157
Plate_4	21	0.781	0.768	0.783	1.219	0.83	0.752	0.152	0.151	0.153	0.159	0.153	0.157	0.783	0.776	0.779	1.121	0.828	0.763	0.156	0.155	0.153	0.152	0.158	0.154	0.785	0.772	0.775	1.139	0.807	0.76	0.152	0.16	0.153	0.153	0.152	0.152	0.778	0.77	0.771	1.046	0.816	0.758	0.152	0.152	0.153	0.15	0.151	0.151	0.781	0.763	0.761	0.508	0.773	0.742	0.153	0.154	0.15	0.156	0.154	0.157	0.787	0.762	0.764	1.071	0.778	0.74	0.151	0.156	0.151	0.151	0.154	0.157	0.843	0.769	0.784	0.93	0.787	0.754	0.151	0.158	0.152	0.153	0.158	0.159	0.784	0.787	0.807	1.133	0.805	0.76	0.155	0.157	0.165	0.154	0.154	0.156
Plate_4	22	0.785	0.769	0.787	1.21	0.833	0.751	0.153	0.152	0.154	0.16	0.154	0.159	0.787	0.78	0.784	1.13	0.83	0.764	0.157	0.155	0.154	0.152	0.158	0.156	0.789	0.776	0.778	1.144	0.81	0.759	0.153	0.161	0.153	0.154	0.153	0.153	0.783	0.774	0.773	1.037	0.821	0.759	0.153	0.153	0.154	0.152	0.152	0.151	0.784	0.765	0.764	0.509	0.776	0.744	0.154	0.155	0.151	0.157	0.154	0.158	0.79	0.764	0.769	1.061	0.782	0.741	0.151	0.157	0.152	0.152	0.155	0.157	0.845	0.771	0.786	0.928	0.788	0.754	0.152	0.159	0.153	0.154	0.159	0.16	0.788	0.79	0.808	1.123	0.809	0.759	0.156	0.158	0.166	0.155	0.154	0.157
Plate_4	23	0.787	0.772	0.789	1.2	0.836	0.75	0.155	0.155	0.157	0.163	0.157	0.163	0.79	0.782	0.787	1.139	0.833	0.765	0.159	0.158	0.157	0.155	0.161	0.158	0.791	0.777	0.78	1.149	0.814	0.759	0.156	0.163	0.154	0.157	0.156	0.156	0.786	0.78	0.776	1.03	0.825	0.76	0.155	0.156	0.157	0.154	0.154	0.154	0.788	0.769	0.767	0.508	0.778	0.747	0.157	0.158	0.153	0.159	0.157	0.161	0.792	0.767	0.771	1.05	0.785	0.742	0.154	0.159	0.155	0.155	0.158	0.16	0.848	0.771	0.79	0.924	0.79	0.754	0.155	0.161	0.155	0.157	0.162	0.163	0.791	0.794	0.813	1.115	0.812	0.76	0.159	0.161	0.168	0.158	0.157	0.16