Passage	Plate	Row	1	2	3	4	5	6	7	8	9	10	11	12
0	1	A	0.747	0.663	0.652	0.633	0.643	0.666	0.641	0.664	0.123	0.666	0.65	0.674
0	1	B	0.764	0.687	0.699	0.659	0.683	0.691	0.656	0.686	0.126	0.699	0.663	0.709
0	1	C	0.758	0.647	0.652	0.623	0.607	0.644	0.632	0.644	0.127	0.653	0.607	0.661
0	1	D	0.769	0.659	0.68	0.655	0.699	0.685	0.696	0.688	0.124	0.707	0.678	0.697
0	1	E	0.811	0.658	0.65	0.643	0.658	0.633	0.647	0.66	0.129	0.678	0.679	0.67
0	1	F	0.733	0.592	0.574	0.555	0.572	0.579	0.586	0.562	0.146	0.635	0.572	0.592
0	1	G	0.755	0.62	0.611	0.573	0.597	0.589	0.592	0.181	0.128	0.631	0.594	0.6
0	1	H	0.832	0.726	0.747	0.592	0.665	1.12	0.694	0.605	0.224	0.658	0.608	0.739
0	2	A	0.85	0.746	0.885	0.897	0.634	0.62	0.7	0.625	0.79	0.644	0.69	0.632
0	2	B	0.682	0.853	0.837	0.725	0.771	0.755	1.051	0.643	0.659	0.639	0.629	0.671
0	2	C	0.774	0.696	0.698	0.688	0.654	0.574	0.691	0.647	0.798	0.629	0.774	0.726
0	2	D	0.721	0.829	0.701	0.805	0.632	0.714	0.713	0.623	0.669	0.612	0.637	0.785
0	2	E	0.798	0.715	0.615	0.734	0.554	0.537	0.66	0.637	0.643	0.539	0.678	0.604
0	2	F	0.698	0.742	0.683	0.746	0.716	0.495	0.671	0.68	0.661	0.582	0.672	0.785
0	2	G	0.662	0.713	0.665	0.793	0.592	0.498	0.706	0.647	0.695	0.549	0.716	0.656
0	2	H	0.762	0.754	0.659	0.707	0.599	0.555	0.695	0.711	0.714	0.575	0.673	0.671
0	3	A	0.609	0.596	0.593	0.6	0.622	0.584	0.62	0.608	0.603	0.601	0.613	0.647
0	3	B	0.602	0.602	0.586	0.582	0.628	0.604	0.62	0.602	0.601	0.603	0.619	0.642
0	3	C	0.621	0.614	0.6	0.585	0.626	0.6	0.621	0.601	0.601	0.605	0.615	0.644
0	3	D	0.607	0.602	0.588	0.591	0.627	0.591	0.612	0.589	0.6	0.605	0.609	0.635
0	3	E	0.664	0.639	0.598	0.637	0.675	0.598	0.645	0.607	0.599	0.613	0.545	0.644
0	3	F	0.608	0.597	0.568	0.581	0.64	0.561	0.605	0.585	0.563	0.581	0.475	0.591
0	3	G	0.675	0.661	0.623	0.63	0.705	0.594	0.617	0.65	0.599	0.589	0.223	0.611
0	3	H	0.714	0.663	0.617	0.654	0.729	0.659	0.683	0.678	0.657	0.673	0.4	0.703
0	4	A	0.714	0.673	0.615	0.661	0.642	0.614	0.131	0.127	0.127	0.127	0.128	0.127
0	4	B	0.631	0.594	0.627	0.688	0.675	0.649	0.129	0.129	0.132	0.128	0.127	0.128
0	4	C	0.68	0.62	0.617	0.725	0.638	0.571	0.127	0.125	0.125	0.125	0.125	0.125
0	4	D	0.649	0.648	0.605	0.566	0.797	0.571	0.127	0.136	0.127	0.125	0.125	0.134
0	4	E	0.6	0.565	0.572	0.629	0.599	0.549	0.126	0.124	0.13	0.122	0.125	0.127
0	4	F	0.6	0.566	0.594	0.625	0.594	0.597	0.126	0.124	0.126	0.124	0.124	0.124
0	4	G	0.653	0.632	0.598	0.615	0.607	0.622	0.125	0.125	0.124	0.125	0.124	0.164
0	4	H	0.568	0.585	0.555	0.598	0.588	0.592	0.123	0.123	0.126	0.122	0.124	0.129
1	1	A	0.814	0.646	0.668	0.547	0.656	0.669	0.664	0.664	0.102	0.651	0.653	0.704
1	1	B	0.834	0.675	0.672	0.565	0.705	0.696	0.692	0.714	0.106	0.694	0.703	0.717
1	1	C	0.803	0.667	0.656	0.583	0.664	0.665	0.664	0.668	0.105	0.643	0.653	0.66
1	1	D	0.845	0.671	0.668	0.599	0.667	0.713	0.677	0.677	0.105	0.65	0.66	0.664
1	1	E	0.801	0.661	0.65	0.587	0.662	0.673	0.668	0.666	0.119	0.643	0.641	0.632
1	1	F	0.784	0.666	0.665	0.593	0.662	0.661	0.659	0.655	0.159	0.643	0.635	0.641
1	1	G	0.801	0.671	0.678	0.603	0.667	0.662	0.661	0.646	0.128	0.639	0.649	0.644
1	1	H	0.805	0.644	0.636	0.582	0.633	0.651	0.644	0.638	0.137	0.631	0.637	0.677
1	2	A	0.656	0.613	0.591	0.619	0.537	0.541	0.552	0.596	0.622	0.439	0.596	0.689
1	2	B	0.668	0.649	0.653	0.708	0.561	0.561	0.661	0.637	0.63	0.518	0.63	0.681
1	2	C	0.665	0.653	0.666	0.701	0.566	0.534	0.737	0.663	0.631	0.499	0.64	0.664
1	2	D	0.67	0.665	0.644	0.709	0.59	0.574	0.717	0.66	0.668	0.528	0.62	0.705
1	2	E	0.659	0.642	0.638	0.698	0.53	0.536	0.693	0.646	0.623	0.451	0.638	0.629
1	2	F	0.689	0.628	0.655	0.704	0.527	0.554	0.646	0.662	0.645	0.473	0.633	0.64
1	2	G	0.665	0.664	0.676	0.706	0.535	0.537	0.661	0.659	0.633	0.459	0.657	0.623
1	2	H	0.656	0.648	0.652	0.713	0.536	0.566	0.687	0.658	0.63	0.495	0.627	0.64
1	3	A	0.717	0.721	0.69	0.651	0.699	0.695	0.758	0.681	0.689	0.744	0.67	0.944
1	3	B	0.73	0.732	0.704	0.649	0.731	0.682	0.736	0.712	0.688	0.714	0.67	0.794
1	3	C	0.743	0.758	0.708	0.657	0.713	0.709	0.733	0.71	0.703	0.734	0.663	0.773
1	3	D	0.742	0.74	0.681	0.668	0.704	0.68	0.696	0.669	0.666	0.687	0.629	0.734
1	3	E	0.725	0.689	0.632	0.613	0.686	0.597	0.663	0.643	0.591	0.664	0.599	0.656
1	3	F	0.642	0.607	0.592	0.574	0.606	0.549	0.622	0.604	0.571	0.606	0.564	0.641
1	3	G	0.661	0.647	0.619	0.593	0.619	0.577	0.62	0.598	0.578	0.62	0.598	0.659
1	3	H	0.672	0.641	0.636	0.602	0.637	0.554	0.64	0.623	0.565	0.604	0.625	0.687
1	4	A	0.688	0.648	0.635	0.675	0.679	0.602	0.108	0.109	0.108	0.108	0.108	0.113
1	4	B	0.681	0.648	0.663	0.733	0.691	0.644	0.108	0.109	0.109	0.109	0.109	0.109
1	4	C	0.673	0.649	0.659	0.74	0.676	0.639	0.107	0.109	0.107	0.108	0.107	0.109
1	4	D	0.676	0.646	0.661	0.356	0.746	0.632	0.108	0.108	0.109	0.109	0.108	0.109
1	4	E	0.665	0.646	0.654	0.727	0.632	0.624	0.108	0.109	0.107	0.107	0.109	0.108
1	4	F	0.66	0.643	0.644	0.407	0.627	0.619	0.109	0.11	0.109	0.11	0.11	0.11
1	4	G	0.676	0.645	0.677	0.196	0.646	0.637	0.11	0.109	0.109	0.108	0.109	0.109
1	4	H	0.722	0.693	0.678	0.706	0.651	0.641	0.112	0.109	0.11	0.109	0.109	0.115
2	1	A	0.846	0.73	0.737	0.641	0.73	0.736	0.724	0.73	0.11	0.709	0.725	0.772
2	1	B	0.85	0.745	0.746	0.674	0.762	0.747	0.758	0.748	0.11	0.738	0.78	0.822
2	1	C	0.848	0.752	0.729	0.636	0.731	0.725	0.727	0.738	0.108	0.726	0.699	0.751
2	1	D	0.84	0.777	0.754	0.683	0.764	0.772	0.757	0.788	0.111	0.739	0.742	0.784
2	1	E	0.833	0.736	0.726	0.648	0.698	0.718	0.712	0.713	0.137	0.696	0.698	0.693
2	1	F	0.841	0.746	0.733	0.661	0.72	0.705	0.724	0.691	0.138	0.681	0.688	0.701
2	1	G	0.853	0.726	0.724	0.613	0.736	0.678	0.698	0.683	0.137	0.668	0.665	0.676
2	1	H	0.883	0.758	0.737	0.676	0.697	0.695	0.704	0.691	0.149	0.673	0.676	0.724
2	2	A	0.749	0.761	0.767	0.822	0.647	0.619	0.818	0.738	0.755	0.537	0.716	0.816
2	2	B	0.774	0.766	0.779	0.84	0.684	0.636	0.811	0.746	0.735	0.554	0.731	0.802
2	2	C	0.795	0.791	0.816	0.869	0.703	0.633	0.822	0.76	0.773	0.565	0.773	0.837
2	2	D	0.79	0.773	0.793	0.876	0.707	0.648	0.815	0.746	0.739	0.563	0.738	0.813
2	2	E	0.782	0.752	0.815	0.857	0.621	0.612	0.824	0.735	0.745	0.526	0.706	0.712
2	2	F	0.77	0.756	0.767	0.837	0.626	0.611	0.829	0.73	0.746	0.547	0.72	0.722
2	2	G	0.768	0.751	0.774	0.836	0.601	0.6	0.819	0.764	0.745	0.528	0.755	0.711
2	2	H	0.774	0.745	0.751	0.824	0.597	0.589	0.81	0.735	0.743	0.543	0.731	0.718
2	3	A	0.768	0.769	0.716	0.7	0.74	0.702	0.755	0.779	0.717	0.784	0.697	0.835
2	3	B	0.804	0.806	0.797	0.699	0.757	0.73	0.791	0.74	0.732	0.761	0.749	0.819
2	3	C	0.725	0.642	0.671	0.69	0.711	0.669	0.757	0.681	0.709	0.737	0.659	0.838
2	3	D	0.731	0.667	0.677	0.643	0.653	0.64	0.663	0.619	0.648	0.672	0.609	0.834
2	3	E	0.701	0.666	0.658	0.638	0.677	0.598	0.677	0.652	0.634	0.662	0.609	0.695
2	3	F	0.69	0.665	0.646	0.616	0.668	0.577	0.679	0.654	0.614	0.66	0.61	0.685
2	3	G	0.796	0.774	0.688	0.658	0.761	0.696	0.799	0.762	0.701	0.77	0.626	0.733
2	3	H	0.722	0.727	0.684	0.648	0.681	0.597	0.697	0.691	0.654	0.64	0.594	0.714
2	4	A	0.762	0.762	0.779	1.064	0.839	0.734	0.112	0.11	0.112	0.113	0.113	0.112
2	4	B	0.778	0.767	0.752	0.62	0.849	0.758	0.113	0.113	0.113	0.112	0.111	0.112
2	4	C	0.774	0.775	0.772	0.879	0.882	0.766	0.112	0.314	0.111	0.111	0.11	0.112
2	4	D	0.764	0.767	0.803	0.849	0.861	0.786	0.111	0.112	0.111	0.11	0.111	0.111
2	4	E	0.785	0.751	0.773	0.86	0.75	0.779	0.111	0.11	0.109	0.108	0.11	0.114
2	4	F	0.779	0.754	0.779	0.794	0.755	0.759	0.113	0.111	0.109	0.111	0.109	0.113
2	4	G	0.79	0.748	0.774	0.717	0.766	0.759	0.112	0.112	0.11	0.111	0.112	0.11
2	4	H	0.777	0.732	0.731	1.11	0.741	0.703	0.111	0.112	0.113	0.11	0.111	0.11
3	1	A	0.8999	0.7631	0.7525	0.6632	0.7581	0.8004	0.7369	0.7519	0.1131	0.7478	0.7739	0.8085
3	1	B	0.8226	0.6613	0.6556	0.5549	0.6572	0.6503	0.6449	0.6347	0.1224	0.6355	0.6435	0.6341
3	1	C	0.827	0.6665	0.6616	0.5591	0.6649	0.6572	0.6583	0.6429	0.109	0.6276	0.6404	0.6396
3	1	D	0.8469	0.687	0.6683	0.5666	0.6768	0.6771	0.6731	0.659	0.1113	0.6314	0.6341	0.624
3	1	E	0.858	0.7304	0.6952	0.6167	0.721	0.6983	0.6944	0.6797	0.1324	0.6667	0.6542	0.658
3	1	F	0.8157	0.6838	0.6829	0.5625	0.6867	0.6787	0.671	0.6661	0.1293	0.6332	0.6369	0.6283
3	1	G	0.8026	0.692	0.6833	0.59	0.6841	0.6735	0.6623	0.6506	0.1172	0.6111	0.6205	0.5969
3	1	H	0.8463	0.6707	0.67	0.6042	0.6587	0.6753	0.6533	0.6345	0.2483	0.6358	0.6304	0.6212
3	2	A	0.6469	0.6338	0.6495	0.6446	0.5723	0.5584	0.6434	0.6677	0.6475	0.5474	0.7172	0.6871
3	2	B	0.6316	0.6377	0.6534	0.6214	0.5755	0.5439	0.6116	0.6438	0.6463	0.5208	0.6385	0.627
3	2	C	0.6739	0.6509	0.6699	0.6374	0.5913	0.5544	0.6776	0.65	0.6427	0.5263	0.6421	0.617
3	2	D	0.6702	0.6557	0.668	0.6537	0.5945	0.5666	0.6837	0.6477	0.6401	0.5201	0.6408	0.5923
3	2	E	0.6761	0.6331	0.6497	0.6285	0.5189	0.5174	0.6621	0.6364	0.6189	0.4852	0.6347	0.6039
3	2	F	0.673	0.6409	0.6611	0.6413	0.5357	0.5185	0.6222	0.6388	0.6328	0.4911	0.6232	0.5875
3	2	G	0.6555	0.627	0.6664	0.6327	0.5193	0.507	0.5872	0.6366	0.6268	0.4653	0.5808	0.5879
3	2	H	0.6765	0.6412	0.6624	0.661	0.5165	0.4851	0.609	0.6221	0.6057	0.4927	0.6097	0.6121
3	3	A	0.6328	0.6292	0.6733	0.6379	0.633	0.6022	0.6309	0.5966	0.5961	0.6226	0.6019	0.6362
3	3	B	0.6308	0.6218	0.6281	0.6213	0.6164	0.5767	0.6293	0.5886	0.5917	0.6111	0.5659	0.6228
3	3	C	0.6445	0.6284	0.6478	0.61	0.6269	0.5874	0.6243	0.5844	0.5796	0.6073	0.565	0.6223
3	3	D	0.6355	0.62	0.6417	0.6325	0.6129	0.5787	0.6119	0.5841	0.5796	0.606	0.5636	0.6055
3	3	E	0.6568	0.6142	0.6049	0.5831	0.6201	0.5255	0.6268	0.5927	0.5547	0.5972	0.5596	0.6158
3	3	F	0.652	0.6174	0.6009	0.5822	0.6145	0.5444	0.6345	0.5962	0.5641	0.6067	0.5458	0.6223
3	3	G	0.6722	0.6288	0.6111	0.5822	0.6266	0.547	0.6367	0.5983	0.5539	0.6091	0.5524	0.6262
3	3	H	0.7058	0.645	0.629	0.5922	0.6551	0.5547	0.6515	0.6272	0.5603	0.6344	0.5691	0.6702
3	4	A	0.7095	0.718	0.6971	0.679	0.6867	0.6948	0.1168	0.1178	0.1154	0.118	0.1172	0.1212
3	4	B	0.6646	0.6751	0.6666	0.4189	0.6973	0.6519	0.1227	0.121	0.114	0.1155	0.1145	0.1132
3	4	C	0.6716	0.6606	0.6521	0.5278	0.6995	0.6343	0.1149	0.2226	0.1124	0.1138	0.1125	0.1139
3	4	D	0.651	0.6518	0.6584	0.7516	0.6983	0.6331	0.114	0.1162	0.1153	0.1123	0.1119	0.1111
3	4	E	0.6554	0.6632	0.6678	0.5177	0.6834	0.6203	0.1143	0.1112	0.1141	0.1111	0.1123	0.1159
3	4	F	0.7823	0.7576	0.8023	0.8171	0.7792	0.7479	0.1474	0.1169	0.1138	0.1177	0.1152	0.1159
3	4	G	0.68	0.6726	0.6773	0.835	0.6677	0.6234	0.114	0.1139	0.1127	0.1113	0.1105	0.1111
3	4	H	0.6701	0.6407	0.6755	1.0098	0.6618	0.6096	0.1145	0.1141	0.1124	0.1168	0.1116	0.1149
4	1	A	0.9359	0.7842	0.7887	0.6743	0.7686	0.7672	0.7537	0.7295	0.1123	0.7172	0.7356	0.7777
4	1	B	0.8946	0.7763	0.7587	0.6625	0.7449	0.7468	0.7436	0.7496	0.1172	0.7363	0.6888	0.6943
4	1	C	0.9301	0.8037	0.8051	0.6871	0.8106	0.8078	0.7939	0.7616	0.116	0.7627	0.7733	0.7779
4	1	D	0.8841	0.7624	0.7591	0.6586	0.7533	0.7452	0.7382	0.7219	0.1156	0.7171	0.7092	0.7307
4	1	E	0.8839	0.7808	0.7673	0.6626	0.7465	0.7531	0.7505	0.7271	0.1223	0.7197	0.7094	0.7114
4	1	F	0.8821	0.78	0.7628	0.688	0.772	0.7392	0.7395	0.7296	0.1304	0.7239	0.7396	0.7225
4	1	G	0.8861	0.802	0.7445	0.7009	0.7748	0.7579	0.7349	0.6545	0.1527	0.7189	0.7123	0.733
4	1	H	0.9303	0.7656	0.7515	0.6867	0.7166	0.7419	0.7329	0.1448	0.1461	0.724	0.7466	0.7392
4	2	A	0.7831	0.7505	0.8122	0.7736	0.702	0.683	0.716	0.7228	0.7461	0.588	0.6998	0.7121
4	2	B	0.7383	0.7549	0.7657	0.7876	0.7105	0.7008	0.7631	0.7655	0.7631	0.6325	0.7366	0.7666
4	2	C	0.7717	0.7802	0.7896	0.8087	0.733	0.6922	0.8098	0.7747	0.7589	0.6402	0.7272	0.7549
4	2	D	0.7628	0.7667	0.7589	0.7914	0.6966	0.6878	0.8071	0.7649	0.7485	0.6273	0.7403	0.7242
4	2	E	0.7343	0.7277	0.7311	0.7536	0.6225	0.6272	0.7302	0.6854	0.7048	0.4942	0.6939	0.6479
4	2	F	0.7325	0.7206	0.7516	0.7639	0.6396	0.6625	0.8162	0.7411	0.7524	0.5486	0.7254	0.7068
4	2	G	0.7397	0.7288	0.7512	0.7871	0.6407	0.663	0.8384	0.7362	0.7373	0.5509	0.7364	0.7097
4	2	H	0.7281	0.7264	0.7292	0.78	0.6177	0.6326	0.7726	0.7024	0.696	0.5365	0.6868	0.7004
4	3	A	0.7933	0.7796	0.7793	0.7527	0.7796	0.7585	0.789	0.7606	0.7472	0.7831	0.7322	0.8908
4	3	B	0.7609	0.7409	0.7511	0.7427	0.7435	0.7015	0.7364	0.7085	0.7315	0.7358	0.7038	0.8189
4	3	C	0.7492	0.719	0.7567	0.7275	0.7424	0.6851	0.7411	0.6986	0.7142	0.7429	0.6976	0.7638
4	3	D	0.7007	0.6976	0.7309	0.7283	0.7629	0.6814	0.7156	0.6825	0.6841	0.687	0.6786	0.7674
4	3	E	0.72	0.6934	0.721	0.695	0.7343	0.6481	0.7211	0.6859	0.6765	0.6934	0.6311	0.7206
4	3	F	0.7097	0.6992	0.7045	0.6981	0.7106	0.6417	0.6943	0.6852	0.6345	0.6787	0.6212	0.7097
4	3	G	0.7331	0.7229	0.7238	0.7149	0.7155	0.6534	0.7209	0.6795	0.6666	0.7094	0.6206	0.7372
4	3	H	0.7468	0.6961	0.7028	0.6958	0.6958	0.6289	0.6931	0.6607	0.6367	0.6815	0.6244	0.7347
4	4	A	0.8709	0.8422	0.8643	1.0251	0.8028	0.8011	0.1214	0.1203	0.1204	0.1246	0.1208	0.1215
4	4	B	0.7785	0.7815	0.8385	1.1083	0.8062	0.774	0.1192	0.1175	0.1194	0.1184	0.1178	0.1196
4	4	C	0.7997	0.7623	0.779	1.1553	0.8111	0.754	0.1181	0.3127	0.1184	0.1173	0.118	0.1194
4	4	D	0.7946	0.7707	0.7941	1.1592	0.8177	0.7562	0.1258	0.1202	0.1181	0.1183	0.1191	0.1188
4	4	E	0.8223	0.8163	0.8201	1.1683	0.788	0.8359	0.1185	0.1131	0.1174	0.1089	0.1089	0.1116
4	4	F	0.8034	0.7858	0.7968	1.1488	0.7864	0.7647	0.1172	0.1182	0.1181	0.1183	0.1202	0.1206
4	4	G	0.817	0.7772	0.7855	1.1147	0.7769	0.7453	0.1185	0.1176	0.1181	0.1183	0.1194	0.1206
4	4	H	0.8196	0.7603	0.763	0.8768	0.7496	0.7827	0.1185	0.1181	0.1182	0.118	0.1185	0.1208
5	1	A	0.878	0.727	0.729	0.633	0.717	0.727	0.699	0.687	0.113	0.704	0.697	0.723
5	1	B	0.838	0.691	0.673	0.593	0.697	0.658	0.631	0.665	0.113	0.65	0.673	0.656
5	1	C	0.811	0.666	0.663	0.597	0.664	0.659	0.648	0.645	0.114	0.644	0.638	0.613
5	1	D	0.845	0.661	0.716	0.577	0.67	0.679	0.641	0.657	0.111	0.636	0.623	0.614
5	1	E	0.817	0.669	0.666	0.585	0.659	0.646	0.648	0.64	0.13	0.626	0.635	0.628
5	1	F	0.837	0.692	0.722	0.668	0.725	0.695	0.67	0.689	0.147	0.685	0.682	0.639
5	1	G	0.832	0.675	0.666	0.591	0.662	0.657	0.648	0.588	0.137	0.638	0.631	0.62
5	1	H	0.856	0.671	0.655	0.589	0.624	0.635	0.611	0.118	0.222	0.63	0.621	0.621
5	2	A	0.72	0.673	0.705	0.68	0.617	0.583	0.753	0.693	0.708	0.554	0.728	0.725
5	2	B	0.653	0.663	0.696	0.698	0.614	0.566	0.672	0.699	0.703	0.54	0.681	0.8
5	2	C	0.708	0.705	0.737	0.734	0.653	0.604	0.696	0.721	0.694	0.57	0.722	0.716
5	2	D	0.704	0.692	0.716	0.783	0.635	0.615	0.777	0.698	0.687	0.555	0.701	0.662
5	2	E	0.674	0.655	0.683	0.664	0.551	0.535	0.652	0.66	0.647	0.497	0.644	0.628
5	2	F	0.698	0.69	0.697	0.716	0.579	0.555	0.748	0.688	0.67	0.53	0.66	0.665
5	2	G	0.665	0.656	0.67	0.675	0.561	0.544	0.674	0.662	0.671	0.528	0.654	0.674
5	2	H	0.737	0.718	0.717	0.745	0.58	0.567	0.723	0.687	0.691	0.569	0.694	0.7
5	3	A	0.717	0.687	0.688	0.655	0.711	0.678	0.706	0.684	0.678	0.693	0.649	0.77
5	3	B	0.651	0.683	0.684	0.649	0.69	0.65	0.668	0.63	0.627	0.632	0.597	0.68
5	3	C	0.691	0.669	0.665	0.635	0.704	0.669	0.688	0.672	0.668	0.674	0.625	0.702
5	3	D	0.642	0.66	0.666	0.644	0.675	0.67	0.666	0.647	0.627	0.691	0.61	0.689
5	3	E	0.665	0.638	0.629	0.581	0.658	0.585	0.653	0.639	0.589	0.637	0.57	0.634
5	3	F	0.717	0.712	0.707	0.664	0.761	0.641	0.749	0.713	0.685	0.731	0.614	0.726
5	3	G	0.739	0.702	0.647	0.618	0.711	0.649	0.728	0.684	0.637	0.671	0.581	0.692
5	3	H	0.774	0.699	0.697	0.657	0.754	0.659	0.741	0.696	0.701	0.741	0.648	0.812
5	4	A	0.661	0.677	0.637	1.084	0.691	0.668	0.117	0.114	0.116	0.115	0.115	0.115
5	4	B	0.687	0.72	0.736	1.033	0.753	0.702	0.116	0.115	0.115	0.115	0.116	0.116
5	4	C	0.732	0.74	0.747	1.131	0.777	0.704	0.118	0.369	0.116	0.118	0.115	0.119
5	4	D	0.721	0.722	0.729	1.042	0.781	0.732	0.116	0.116	0.116	0.115	0.117	0.116
5	4	E	0.75	0.716	0.725	1.097	0.712	0.691	0.115	0.115	0.114	0.114	0.116	0.114
5	4	F	0.748	0.73	0.751	1.019	0.748	0.759	0.117	0.116	0.117	0.118	0.118	0.116
5	4	G	0.721	0.725	0.729	1.035	0.711	0.672	0.115	0.115	0.116	0.115	0.115	0.115
5	4	H	0.774	0.739	0.735	1.069	0.713	0.747	0.12	0.12	0.12	0.12	0.119	0.121
6	1	A	0.875	0.749	0.73	0.655	0.729	0.723	0.74	0.722	0.112	0.713	0.719	0.785
6	1	B	0.898	0.765	0.745	0.673	0.757	0.743	0.744	0.739	0.108	0.719	0.748	0.778
6	1	C	0.89	0.77	0.753	0.68	0.744	0.751	0.732	0.738	0.109	0.723	0.729	0.774
6	1	D	0.891	0.764	0.758	0.699	0.745	0.76	0.746	0.746	0.109	0.742	0.723	0.776
6	1	E	0.859	0.737	0.731	0.699	0.76	0.753	0.742	0.726	0.193	0.721	0.735	0.723
6	1	F	0.872	0.782	0.781	0.722	0.764	0.766	0.755	0.753	0.128	0.737	0.737	0.72
6	1	G	0.871	0.787	0.772	0.709	0.764	0.75	0.755	0.718	0.119	0.731	0.734	0.696
6	1	H	0.89	0.77	0.753	0.713	0.741	0.851	0.748	0.713	0.121	0.719	0.729	0.701
6	2	A	0.746	0.734	0.734	0.801	0.636	0.628	0.767	0.709	0.715	0.632	0.723	0.782
6	2	B	0.738	0.742	0.758	0.787	0.651	0.634	0.789	0.748	0.741	0.617	0.729	0.755
6	2	C	0.767	0.772	0.759	0.812	0.666	0.649	0.835	0.753	0.757	0.622	0.715	0.763
6	2	D	0.745	0.755	0.761	0.798	0.67	0.635	0.827	0.751	0.744	0.605	0.733	0.761
6	2	E	0.764	0.75	0.763	0.795	0.61	0.605	0.827	0.741	0.747	0.623	0.736	0.7
6	2	F	0.755	0.76	0.786	0.802	0.625	0.607	0.836	0.747	0.754	0.639	0.733	0.687
6	2	G	0.761	0.769	0.784	0.805	0.596	0.601	0.788	0.743	0.746	0.63	0.728	0.693
6	2	H	0.785	0.743	0.743	0.809	0.601	0.592	0.789	0.702	0.742	0.637	0.71	0.695
6	3	A	0.731	0.726	0.712	0.681	0.733	0.693	0.735	0.708	0.686	0.712	0.675	0.795
6	3	B	0.725	0.717	0.705	0.667	0.72	0.7	0.73	0.708	0.696	0.725	0.665	0.812
6	3	C	0.739	0.754	0.705	0.666	0.725	0.698	0.737	0.707	0.705	0.722	0.668	0.783
6	3	D	0.714	0.715	0.683	0.672	0.691	0.694	0.724	0.671	0.694	0.706	0.642	0.777
6	3	E	0.752	0.734	0.667	0.641	0.713	0.652	0.746	0.735	0.679	0.714	0.583	0.713
6	3	F	0.776	0.745	0.686	0.636	0.717	0.674	0.754	0.72	0.681	0.732	0.579	0.733
6	3	G	0.776	0.75	0.688	0.635	0.735	0.679	0.75	0.727	0.67	0.722	0.587	0.743
6	3	H	0.754	0.742	0.679	0.644	0.716	0.654	0.724	0.704	0.656	0.695	0.589	0.75
6	4	A	0.726	0.711	0.733	1.118	0.764	0.71	0.115	0.113	0.114	0.114	0.114	0.114
6	4	B	0.714	0.712	0.719	0.935	0.771	0.711	0.112	0.11	0.112	0.111	0.111	0.113
6	4	C	0.711	0.726	0.744	0.604	0.772	0.712	0.111	0.289	0.112	0.111	0.113	0.113
6	4	D	0.706	0.736	0.747	0.774	0.798	0.729	0.115	0.112	0.11	0.111	0.11	0.113
6	4	E	0.72	0.741	0.746	1.132	0.74	0.741	0.11	0.111	0.112	0.11	0.111	0.112
6	4	F	0.722	0.732	0.751	0.806	0.741	0.715	0.113	0.11	0.11	0.11	0.108	0.111
6	4	G	0.726	0.749	0.742	1.034	0.748	0.775	0.112	0.11	0.112	0.111	0.111	0.111
6	4	H	0.756	0.71	0.735	0.972	0.735	0.736	0.112	0.111	0.112	0.111	0.111	0.111
7	1	A	0.852	0.759	0.748	0.646	0.769	0.761	0.755	0.766	0.113	0.739	0.739	0.789
7	1	B	0.834	0.74	0.748	0.657	0.751	0.746	0.754	0.74	0.111	0.718	0.734	0.736
7	1	C	0.852	0.786	0.768	0.668	0.772	0.77	0.791	0.764	0.112	0.736	0.762	0.783
7	1	D	0.851	0.79	0.762	0.688	0.773	0.769	0.761	0.78	0.111	0.76	0.753	0.762
7	1	E	0.84	0.76	0.767	0.686	0.755	0.766	0.756	0.724	0.115	0.744	0.732	0.727
7	1	F	0.839	0.713	0.761	0.661	0.762	0.749	0.747	0.724	0.111	0.742	0.759	0.728
7	1	G	0.852	0.787	0.769	0.695	0.77	0.772	0.749	0.546	0.21	0.713	0.716	0.747
7	1	H	0.883	0.775	0.763	0.697	0.739	0.933	0.712	0.143	0.135	0.716	0.773	0.73
7	2	A	0.762	0.74	0.739	0.788	0.644	0.624	0.786	0.723	0.724	0.721	0.728	0.758
7	2	B	0.747	0.753	0.759	0.826	0.666	0.625	0.807	0.732	0.743	0.698	0.717	0.76
7	2	C	0.755	0.774	0.777	0.844	0.671	0.641	0.85	0.765	0.767	0.711	0.745	0.767
7	2	D	0.761	0.768	0.791	0.854	0.687	0.647	0.849	0.762	0.757	0.695	0.735	0.767
7	2	E	0.782	0.781	0.793	0.842	0.632	0.615	0.878	0.768	0.764	0.673	0.748	0.707
7	2	F	0.784	0.791	0.781	0.85	0.64	0.595	0.861	0.758	0.764	0.666	0.761	0.725
7	2	G	0.789	0.775	0.79	0.837	0.62	0.601	0.839	0.744	0.762	0.641	0.736	0.736
7	2	H	0.79	0.763	0.772	0.811	0.605	0.586	0.816	0.732	0.712	0.637	0.71	0.706
7	3	A	0.756	0.733	0.716	0.681	0.746	0.706	0.744	0.715	0.705	0.739	0.681	0.783
7	3	B	0.752	0.742	0.722	0.689	0.742	0.722	0.75	0.731	0.71	0.731	0.687	0.778
7	3	C	0.737	0.765	0.721	0.676	0.74	0.713	0.737	0.724	0.713	0.742	0.687	0.769
7	3	D	0.754	0.762	0.747	0.675	0.755	0.734	0.766	0.727	0.716	0.741	0.679	0.772
7	3	E	0.794	0.787	0.719	0.661	0.78	0.725	0.781	0.76	0.699	0.738	0.603	0.734
7	3	F	0.793	0.782	0.7	0.664	0.762	0.706	0.761	0.752	0.696	0.755	0.599	0.737
7	3	G	0.804	0.787	0.707	0.662	0.758	0.7	0.756	0.766	0.707	0.75	0.601	0.742
7	3	H	0.785	0.747	0.697	0.664	0.749	0.686	0.757	0.746	0.67	0.734	0.6	0.728
7	4	A	0.728	0.728	0.738	0.654	0.754	0.748	0.609	0.125	0.129	0.635	0.125	0.127
7	4	B	0.721	0.729	0.734	1.039	0.773	0.74	0.124	0.119	0.122	0.658	0.121	0.12
7	4	C	0.719	0.747	0.755	0.77	0.785	0.739	0.121	0.354	0.121	0.126	0.122	0.123
7	4	D	0.742	0.73	0.747	1.112	0.782	0.751	0.12	0.121	0.119	0.119	0.121	0.122
7	4	E	0.753	0.745	0.75	1.149	0.738	0.776	0.12	0.119	0.12	0.117	0.118	0.122
7	4	F	0.759	0.744	0.76	0.907	0.76	0.754	0.116	0.115	0.114	0.114	0.115	0.118
7	4	G	0.777	0.756	0.773	0.99	0.765	0.781	0.117	0.653	0.116	0.117	0.116	0.118
7	4	H	0.756	0.738	0.742	1.107	0.732	0.764	0.699	0.545	0.569	0.115	0.116	0.118
8	1	A	0.807	0.652	0.653	0.552	0.647	0.652	0.635	0.647	0.115	0.639	0.638	0.673
8	1	B	0.731	0.613	0.6	0.541	0.589	0.607	0.593	0.592	0.114	0.597	0.589	0.631
8	1	C	0.742	0.621	0.645	0.556	0.623	0.61	0.642	0.616	0.113	0.609	0.6	0.629
8	1	D	0.809	0.695	0.689	0.593	0.709	0.685	0.734	0.734	0.112	0.73	0.734	0.693
8	1	E	0.786	0.676	0.668	0.573	0.655	0.669	0.668	0.677	0.179	0.633	0.647	0.649
8	1	F	0.782	0.677	0.66	0.589	0.649	0.664	0.656	0.651	0.147	0.647	0.646	0.639
8	1	G	0.77	0.683	0.666	0.584	0.659	0.661	0.658	0.573	0.127	0.645	0.654	0.652
8	1	H	0.797	0.658	0.658	0.58	0.626	0.893	0.631	0.688	0.21	0.642	0.657	0.679
8	2	A	0.644	0.63	0.651	0.658	0.579	0.551	0.653	0.65	0.646	0.663	0.645	0.696
8	2	B	0.662	0.655	0.66	0.683	0.601	0.58	0.679	0.681	0.668	0.697	0.695	0.679
8	2	C	0.669	0.669	0.679	0.675	0.599	0.572	0.716	0.677	0.668	0.681	0.661	0.662
8	2	D	0.68	0.661	0.672	0.677	0.599	0.563	0.705	0.706	0.648	0.658	0.668	0.663
8	2	E	0.663	0.659	0.66	0.677	0.55	0.538	0.706	0.668	0.661	0.599	0.661	0.653
8	2	F	0.708	0.813	0.736	0.677	0.599	0.589	0.709	0.647	0.706	0.66	0.691	0.725
8	2	G	0.665	0.671	0.67	0.676	0.549	0.539	0.684	0.672	0.664	0.599	0.658	0.632
8	2	H	0.659	0.648	0.669	0.673	0.531	0.533	0.667	0.652	0.649	0.596	0.653	0.639
8	3	A	0.67	0.671	0.661	0.644	0.66	0.645	0.663	0.647	0.631	0.656	0.613	0.696
8	3	B	0.665	0.662	0.649	0.623	0.653	0.619	0.668	0.627	0.625	0.648	0.602	0.686
8	3	C	0.668	0.665	0.644	0.619	0.662	0.619	0.661	0.635	0.626	0.638	0.614	0.676
8	3	D	0.671	0.681	0.664	0.634	0.668	0.636	0.665	0.62	0.621	0.651	0.605	0.673
8	3	E	0.688	0.659	0.632	0.605	0.662	0.591	0.671	0.641	0.607	0.648	0.561	0.642
8	3	F	0.688	0.652	0.605	0.594	0.649	0.583	0.662	0.622	0.578	0.624	0.546	0.634
8	3	G	0.694	0.657	0.634	0.599	0.64	0.578	0.653	0.625	0.591	0.621	0.554	0.639
8	3	H	0.696	0.668	0.643	0.607	0.645	0.6	0.666	0.638	0.599	0.645	0.577	0.645
8	4	A	0.686	0.666	0.652	0.593	0.699	0.644	0.73	0.119	0.121	0.717	0.121	0.124
8	4	B	0.65	0.661	0.649	1.054	0.691	0.66	0.119	0.118	0.12	0.935	0.123	0.119
8	4	C	0.664	0.672	0.645	0.716	0.708	0.656	0.118	0.257	0.118	0.119	0.118	0.123
8	4	D	0.732	0.725	0.754	0.929	0.799	0.716	0.117	0.118	0.117	0.118	0.118	0.119
8	4	E	0.681	0.678	0.682	0.791	0.683	0.652	0.118	0.117	0.119	0.118	0.118	0.119
8	4	F	0.677	0.66	0.682	0.48	0.695	0.666	0.119	0.119	0.118	0.117	0.119	0.12
8	4	G	0.69	0.674	0.674	0.958	0.676	0.639	0.117	0.686	0.118	0.117	0.117	0.118
8	4	H	0.708	0.665	0.67	0.688	0.647	0.624	0.714	0.662	0.708	0.117	0.118	0.119
9	1	A	0.678	0.576	0.612	0.491	0.577	0.572	0.574	0.546	0.092	0.557	0.555	0.577
9	1	B	0.661	0.558	0.557	0.491	0.547	0.547	0.546	0.54	0.089	0.539	0.533	0.548
9	1	C	0.648	0.566	0.559	0.507	0.546	0.543	0.542	0.541	0.09	0.53	0.524	0.535
9	1	D	0.666	0.571	0.575	0.504	0.576	0.57	0.549	0.556	0.087	0.561	0.545	0.568
9	1	E	0.646	0.579	0.567	0.512	0.563	0.558	0.559	0.551	0.094	0.531	0.538	0.54
9	1	F	0.663	0.534	0.528	0.48	0.585	0.562	0.558	0.54	0.221	0.544	0.54	0.542
9	1	G	0.716	0.682	0.667	0.595	0.666	0.636	0.617	0.598	0.108	0.594	0.584	0.579
9	1	H	0.709	0.632	0.613	0.513	0.552	0.832	0.557	0.504	0.183	0.555	0.543	0.579
9	2	A	0.542	0.534	0.534	0.534	0.485	0.46	0.527	0.545	0.534	0.562	0.534	0.553
9	2	B	0.523	0.536	0.538	0.547	0.473	0.459	0.52	0.538	0.527	0.548	0.519	0.532
9	2	C	0.556	0.554	0.555	0.554	0.497	0.478	0.574	0.563	0.53	0.548	0.523	0.527
9	2	D	0.573	0.605	0.606	0.587	0.501	0.481	0.598	0.561	0.539	0.558	0.566	0.523
9	2	E	0.631	0.59	0.589	0.588	0.473	0.438	0.58	0.568	0.547	0.492	0.538	0.517
9	2	F	0.551	0.545	0.556	0.562	0.462	0.429	0.549	0.553	0.548	0.504	0.566	0.515
9	2	G	0.55	0.552	0.555	0.57	0.445	0.424	0.538	0.549	0.538	0.494	0.515	0.512
9	2	H	0.546	0.527	0.541	0.56	0.429	0.389	0.538	0.536	0.516	0.476	0.516	0.513
9	3	A	0.528	0.551	0.565	0.526	0.573	0.54	0.561	0.59	0.527	0.564	0.518	0.602
9	3	B	0.536	0.529	0.528	0.496	0.526	0.496	0.536	0.508	0.504	0.514	0.483	0.545
9	3	C	0.547	0.538	0.521	0.491	0.536	0.508	0.525	0.498	0.503	0.516	0.494	0.543
9	3	D	0.546	0.542	0.518	0.491	0.526	0.504	0.535	0.495	0.504	0.513	0.5	0.531
9	3	E	0.557	0.531	0.487	0.455	0.523	0.463	0.525	0.515	0.484	0.508	0.445	0.52
9	3	F	0.551	0.545	0.501	0.458	0.522	0.459	0.536	0.501	0.482	0.515	0.444	0.511
9	3	G	0.574	0.541	0.497	0.461	0.523	0.46	0.531	0.496	0.463	0.495	0.441	0.534
9	3	H	0.567	0.548	0.493	0.462	0.546	0.474	0.538	0.516	0.475	0.515	0.455	0.574
9	4	A	0.6	0.611	0.609	0.989	0.59	0.57	0.093	0.093	0.094	0.094	0.093	0.094
9	4	B	0.582	0.592	0.599	0.776	0.56	0.558	0.092	0.093	0.092	0.092	0.091	0.092
9	4	C	0.549	0.564	0.59	0.878	0.584	0.56	0.093	0.092	0.092	0.092	0.091	0.091
9	4	D	0.555	0.564	0.589	0.622	0.574	0.551	0.091	0.09	0.09	0.09	0.09	0.091
9	4	E	0.554	0.545	0.553	0.536	0.549	0.52	0.098	0.091	0.091	0.092	0.092	0.093
9	4	F	0.555	0.549	0.555	0.827	0.558	0.526	0.09	0.092	0.091	0.091	0.09	0.093
9	4	G	0.582	0.546	0.57	0.935	0.559	0.525	0.092	0.093	0.093	0.094	0.094	0.094
9	4	H	0.605	0.54	0.581	0.854	0.542	0.525	0.091	0.091	0.092	0.093	0.092	0.095
10	1	A	0.925	0.805	0.771	0.719	0.783	0.799	0.752	0.758	0.108	0.739	0.793	0.865
10	1	B	0.905	0.752	0.741	0.7	0.747	0.745	0.744	0.717	0.103	0.717	0.728	0.795
10	1	C	0.907	0.751	0.745	0.663	0.763	0.733	0.715	0.728	0.144	0.712	0.724	0.739
10	1	D	0.909	0.721	0.748	0.659	0.754	0.737	0.717	0.737	0.109	0.737	0.747	0.807
10	1	E	0.844	0.685	0.686	0.64	0.68	0.686	0.675	0.656	0.121	0.645	0.652	0.667
10	1	F	0.87	0.701	0.723	0.651	0.687	0.702	0.68	0.664	0.123	0.667	0.656	0.686
10	1	G	0.9	0.744	0.79	0.683	0.763	0.763	0.762	0.539	0.192	0.725	0.767	0.757
10	1	H	0.918	0.763	0.743	0.692	0.689	0.976	0.705	0.119	0.116	0.674	0.69	0.699
10	2	A	0.632	0.652	0.668	0.653	0.613	0.592	0.693	0.662	0.644	0.659	0.678	0.679
10	2	B	0.693	0.719	0.676	0.677	0.622	0.617	0.681	0.683	0.688	0.68	0.675	0.701
10	2	C	0.68	0.703	0.681	0.68	0.639	0.606	0.704	0.692	0.672	0.653	0.669	0.653
10	2	D	0.713	0.708	0.703	0.674	0.622	0.63	0.699	0.684	0.669	0.668	0.682	0.68
10	2	E	0.717	0.727	0.688	0.699	0.641	0.62	0.724	0.728	0.689	0.647	0.682	0.685
10	2	F	0.714	0.687	0.723	0.69	0.612	0.605	0.699	0.685	0.699	0.655	0.677	0.697
10	2	G	0.738	0.731	0.738	0.713	0.631	0.594	0.662	0.719	0.717	0.647	0.708	0.671
10	2	H	0.717	0.707	0.714	0.772	0.636	0.61	0.76	0.714	0.692	0.615	0.699	0.71
10	3	A	0.629	0.632	0.638	0.629	0.632	0.599	0.625	0.592	0.601	0.616	0.622	0.672
10	3	B	0.622	0.623	0.627	0.631	0.627	0.615	0.624	0.597	0.615	0.624	0.651	0.657
10	3	C	0.614	0.632	0.627	0.628	0.62	0.598	0.625	0.586	0.607	0.603	0.622	0.645
10	3	D	0.635	0.645	0.64	0.627	0.629	0.617	0.639	0.614	0.594	0.629	0.633	0.627
10	3	E	0.637	0.615	0.609	0.591	0.623	0.569	0.633	0.596	0.567	0.591	0.559	0.607
10	3	F	0.659	0.651	0.646	0.625	0.657	0.602	0.648	0.613	0.608	0.621	0.585	0.638
10	3	G	0.703	0.668	0.688	0.64	0.657	0.598	0.655	0.608	0.591	0.637	0.58	0.635
10	3	H	0.695	0.685	0.68	0.62	0.696	0.589	0.671	0.637	0.629	0.63	0.602	0.703
10	4	A	0.723	0.749	0.788	1.13	0.83	0.854	0.13	0.135	0.133	0.109	0.126	0.118
10	4	B	0.727	0.711	0.717	0.876	0.806	0.718	0.108	0.108	0.107	0.107	0.109	0.107
10	4	C	0.746	0.764	0.744	1.14	0.847	0.748	0.115	0.114	0.114	0.115	0.111	0.115
10	4	D	0.755	0.759	0.767	1.037	0.856	0.707	0.11	0.11	0.111	0.109	0.113	0.115
10	4	E	0.761	0.738	0.749	0.553	0.749	0.727	0.108	0.108	0.108	0.107	0.108	0.111
10	4	F	0.759	0.722	0.751	1.058	0.735	0.725	0.109	0.107	0.108	0.107	0.107	0.109
10	4	G	0.763	0.745	0.756	0.806	0.748	0.724	0.113	0.111	0.112	0.112	0.11	0.111
10	4	H	0.822	0.755	0.77	1.162	0.767	0.726	0.113	0.112	0.115	0.112	0.112	0.11
11	1	A	0.656	0.778	0.78	0.763	0.755	0.75	0.731	0.747	0.11	0.743	0.718	0.814
11	1	B	0.635	0.708	0.714	0.665	0.709	0.704	0.703	0.688	0.104	0.693	0.704	0.761
11	1	C	0.628	0.746	0.768	0.705	0.724	0.688	0.727	0.709	0.105	0.729	0.691	0.759
11	1	D	0.655	0.751	0.765	0.685	0.739	0.754	0.734	0.742	0.104	0.795	0.736	0.789
11	1	E	0.645	0.787	0.794	0.755	0.754	0.765	0.792	0.784	0.113	0.836	0.799	0.789
11	1	F	0.666	0.777	0.778	0.745	0.752	0.736	0.778	0.751	0.119	0.788	0.772	0.792
11	1	G	0.665	0.784	0.781	0.73	0.768	0.738	0.75	0.302	0.133	0.769	0.722	0.714
11	1	H	0.65	0.798	0.807	0.719	0.751	1.018	0.747	0.118	0.154	0.782	0.775	0.755
11	2	A	0.75	0.798	0.739	0.821	0.643	0.635	0.841	0.759	0.734	0.785	0.764	0.837
11	2	B	0.846	0.822	0.848	0.951	0.744	0.735	0.941	0.833	0.839	0.813	0.821	0.882
11	2	C	0.812	0.849	0.818	0.896	0.725	0.716	0.902	0.809	0.826	0.798	0.793	0.857
11	2	D	0.826	0.865	0.847	0.937	0.735	0.72	0.913	0.785	0.818	0.803	0.756	0.811
11	2	E	0.868	0.866	0.816	0.93	0.712	0.602	0.921	0.8	0.814	0.755	0.799	0.792
11	2	F	0.847	0.864	0.814	0.826	0.682	0.584	0.903	0.797	0.795	0.759	0.772	0.796
11	2	G	0.803	0.871	0.806	0.897	0.681	0.591	0.899	0.801	0.771	0.747	0.782	0.766
11	2	H	0.788	0.822	0.798	0.895	0.652	0.607	0.835	0.776	0.732	0.742	0.756	0.746
11	3	A	0.794	0.796	0.783	0.792	0.801	0.771	0.804	0.777	0.768	0.771	0.743	0.847
11	3	B	0.775	0.765	0.808	0.829	0.823	0.818	0.797	0.832	0.782	0.834	0.808	0.894
11	3	C	0.78	0.808	0.83	0.839	0.856	0.796	0.808	0.844	0.789	0.842	0.803	0.9
11	3	D	0.733	0.801	0.805	0.807	0.823	0.775	0.803	0.796	0.76	0.783	0.761	0.855
11	3	E	0.656	0.668	0.736	0.727	0.74	0.653	0.723	0.715	0.627	0.76	0.693	0.767
11	3	F	0.725	0.748	0.809	0.778	0.809	0.728	0.775	0.753	0.694	0.768	0.689	0.786
11	3	G	0.68	0.715	0.766	0.753	0.766	0.695	0.737	0.713	0.645	0.741	0.669	0.75
11	3	H	0.65	0.673	0.725	0.743	0.741	0.662	0.735	0.66	0.603	0.733	0.686	0.707
11	4	A	0.772	0.741	0.757	1.072	0.87	0.727	0.111	0.109	0.11	0.109	0.11	0.11
11	4	B	0.713	0.709	0.719	1.044	0.826	0.672	0.108	0.108	0.108	0.107	0.107	0.109
11	4	C	0.676	0.673	0.69	0.854	0.821	0.663	0.109	0.109	0.11	0.108	0.109	0.11
11	4	D	0.763	0.77	0.78	1.032	0.874	0.714	0.112	0.111	0.109	0.109	0.11	0.113
11	4	E	0.775	0.758	0.76	0.714	0.813	0.819	0.111	0.11	0.111	0.11	0.111	0.11
11	4	F	0.735	0.689	0.722	0.89	0.711	0.753	0.111	0.11	0.11	0.109	0.109	0.112
11	4	G	0.749	0.705	0.729	0.864	0.72	0.761	0.113	0.114	0.112	0.113	0.112	0.112
11	4	H	0.717	0.688	0.702	0.92	0.709	0.702	0.112	0.109	0.11	0.109	0.11	0.109
12	1	A	0.911	0.76	0.771	0.703	0.762	0.765	0.753	0.744	0.11	0.752	0.768	0.811
12	1	B	0.905	0.762	0.782	0.686	0.83	0.824	0.844	0.775	0.109	0.791	0.78	0.805
12	1	C	0.895	0.783	0.788	0.724	0.807	0.756	0.756	0.789	0.104	0.772	0.726	0.808
12	1	D	0.92	0.781	0.782	0.727	0.796	0.798	0.783	0.793	0.1	0.752	0.77	0.807
12	1	E	0.911	0.794	0.834	0.753	0.81	0.795	0.804	0.803	0.109	0.817	0.803	0.751
12	1	F	0.911	0.781	0.797	0.735	0.783	0.795	0.776	0.801	0.103	0.79	0.792	0.731
12	1	G	0.902	0.799	0.79	0.76	0.784	0.774	0.774	0.738	0.103	0.744	0.747	0.713
12	1	H	0.907	0.789	0.785	0.744	0.775	1.184	0.768	0.742	0.105	0.736	0.723	0.718
12	2	A	0.818	0.82	0.806	0.85	0.715	0.676	0.836	0.806	0.809	0.732	0.797	0.818
12	2	B	0.773	0.803	0.808	0.814	0.713	0.661	0.814	0.809	0.79	0.728	0.798	0.83
12	2	C	0.84	0.815	0.805	0.847	0.692	0.652	0.855	0.774	0.734	0.706	0.761	0.853
12	2	D	0.826	0.863	0.839	0.863	0.737	0.683	0.865	0.831	0.786	0.727	0.81	0.797
12	2	E	0.827	0.818	0.873	0.88	0.714	0.657	0.878	0.82	0.81	0.718	0.784	0.759
12	2	F	0.809	0.816	0.852	0.864	0.689	0.663	0.846	0.772	0.773	0.689	0.779	0.748
12	2	G	0.883	0.862	0.872	0.898	0.716	0.678	0.869	0.827	0.808	0.724	0.832	0.788
12	2	H	0.856	0.843	0.865	0.873	0.708	0.644	0.84	0.794	0.783	0.696	0.789	0.762
12	3	A	0.843	0.847	0.77	0.742	0.804	0.779	0.825	0.797	0.78	0.837	0.796	0.837
12	3	B	0.796	0.835	0.76	0.719	0.793	0.77	0.819	0.812	0.761	0.791	0.76	0.798
12	3	C	0.871	0.853	0.771	0.746	0.826	0.789	0.818	0.822	0.804	0.818	0.77	0.826
12	3	D	0.816	0.86	0.792	0.757	0.826	0.798	0.852	0.811	0.784	0.85	0.789	0.808
12	3	E	0.842	0.873	0.769	0.729	0.819	0.819	0.855	0.873	0.786	0.843	0.705	0.83
12	3	F	0.907	0.895	0.779	0.795	0.84	0.848	0.889	0.922	0.824	0.873	0.712	0.903
12	3	G	0.808	0.79	0.702	0.673	0.756	0.7	0.746	0.749	0.707	0.733	0.605	0.716
12	3	H	0.834	0.796	0.729	0.685	0.793	0.743	0.796	0.769	0.716	0.773	0.63	0.768
12	4	A	0.803	0.78	0.78	1.177	0.823	0.761	0.114	0.111	0.111	0.11	0.112	0.111
12	4	B	0.806	0.789	0.809	1.16	0.842	0.783	0.111	0.109	0.111	0.11	0.109	0.111
12	4	C	0.804	0.785	0.848	1.205	0.872	0.826	0.112	0.112	0.112	0.111	0.112	0.111
12	4	D	0.803	0.808	0.786	0.881	0.855	0.808	0.115	0.109	0.11	0.109	0.109	0.111
12	4	E	0.805	0.788	0.816	0.756	0.807	0.815	0.112	0.11	0.11	0.109	0.111	0.11
12	4	F	0.768	0.772	0.707	1.225	0.766	0.745	0.113	0.112	0.108	0.11	0.109	0.11
12	4	G	0.833	0.857	0.853	0.916	0.871	0.849	0.157	0.118	0.117	0.118	0.117	0.118
12	4	H	0.782	0.712	0.75	0.735	0.742	0.765	0.112	0.111	0.112	0.111	0.112	0.112
13	1	A	0.932	0.815	0.82	0.75	0.816	0.807	0.797	0.856	0.115	0.8	0.811	0.872
13	1	B	0.926	0.773	0.81	0.766	0.832	0.799	0.832	0.812	0.113	0.817	0.773	0.833
13	1	C	0.944	0.819	0.813	0.73	0.825	0.814	0.809	0.816	0.114	0.796	0.79	0.812
13	1	D	0.937	0.852	0.852	0.788	0.87	0.883	0.861	0.817	0.112	0.849	0.857	0.852
13	1	E	0.933	0.884	0.896	0.895	0.944	0.9	0.918	0.883	0.197	0.867	0.941	0.831
13	1	F	0.984	0.916	0.906	0.91	0.915	0.938	0.898	0.839	0.145	0.88	0.833	0.826
13	1	G	0.855	0.742	0.745	0.732	0.764	0.752	0.736	0.754	0.131	0.746	0.733	0.693
13	1	H	0.911	0.74	0.728	0.726	0.718	0.789	0.756	0.752	0.132	0.769	0.744	0.747
13	2	A	0.813	0.752	0.792	0.767	0.719	0.652	0.747	0.786	0.778	0.716	0.773	0.95
13	2	B	0.753	0.762	0.791	0.847	0.71	0.664	0.832	0.775	0.774	0.715	0.774	0.815
13	2	C	0.723	0.738	0.783	0.812	0.702	0.635	0.786	0.728	0.746	0.69	0.779	0.737
13	2	D	0.738	0.738	0.776	0.782	0.671	0.634	0.802	0.783	0.726	0.683	0.71	0.706
13	2	E	0.838	0.805	0.822	0.845	0.719	0.643	0.86	0.825	0.804	0.722	0.834	0.804
13	2	F	0.826	0.793	0.827	0.857	0.711	0.657	0.838	0.771	0.785	0.687	0.758	0.763
13	2	G	0.745	0.735	0.748	0.739	0.631	0.611	0.748	0.722	0.711	0.653	0.705	0.704
13	2	H	0.802	0.76	0.801	0.774	0.666	0.619	0.742	0.765	0.759	0.676	0.758	0.747
13	3	A	0.858	0.885	0.812	0.79	0.882	0.829	0.858	0.859	0.859	0.859	0.824	0.902
13	3	B	0.827	0.842	0.789	0.745	0.808	0.77	0.792	0.826	0.745	0.804	0.754	0.843
13	3	C	0.791	0.835	0.785	0.747	0.817	0.768	0.762	0.798	0.75	0.815	0.786	0.77
13	3	D	0.738	0.813	0.769	0.712	0.768	0.754	0.744	0.796	0.733	0.75	0.73	0.737
13	3	E	0.743	0.718	0.682	0.648	0.694	0.679	0.73	0.705	0.653	0.69	0.613	0.725
13	3	F	0.866	0.858	0.768	0.709	0.823	0.793	0.845	0.878	0.787	0.821	0.65	0.807
13	3	G	0.838	0.88	0.766	0.683	0.825	0.752	0.777	0.844	0.739	0.799	0.661	0.771
13	3	H	0.908	0.863	0.79	0.742	0.863	0.803	0.873	0.869	0.811	0.851	0.652	0.853
13	4	A	0.823	0.803	0.803	0.863	0.859	0.756	0.114	0.112	0.111	0.112	0.111	0.114
13	4	B	0.767	0.77	0.778	0.89	0.769	0.748	0.113	0.11	0.11	0.11	0.114	0.111
13	4	C	0.802	0.786	0.776	1.146	0.87	0.725	0.111	0.11	0.11	0.11	0.11	0.114
13	4	D	0.79	0.775	0.749	1.016	0.813	0.729	0.111	0.11	0.11	0.109	0.109	0.111
13	4	E	0.847	0.815	0.836	0.876	0.846	0.835	0.112	0.111	0.11	0.109	0.11	0.112
13	4	F	0.798	0.771	0.789	0.953	0.797	0.734	0.115	0.115	0.114	0.114	0.114	0.114
13	4	G	0.882	0.87	0.887	1.045	0.896	0.895	0.117	0.118	0.115	0.115	0.115	0.115
13	4	H	0.762	0.747	0.768	1.012	0.768	0.71	0.113	0.117	0.118	0.118	0.117	0.12
14	1	A	0.91	0.813	0.813	0.759	0.821	0.795	0.808	0.815	0.118	0.761	0.829	0.89
14	1	B	0.949	0.857	0.823	0.804	0.837	0.834	0.835	0.847	0.112	0.834	0.788	0.839
14	1	C	0.946	0.855	0.841	0.82	0.832	0.857	0.849	0.843	0.112	0.836	0.788	0.845
14	1	D	0.947	0.871	0.854	0.79	0.849	0.866	0.851	0.832	0.101	0.826	0.821	0.838
14	1	E	0.906	0.821	0.831	0.819	0.827	0.819	0.819	0.8	0.119	0.771	0.787	0.731
14	1	F	0.905	0.82	0.775	0.77	0.779	0.795	0.771	0.769	0.22	0.706	0.69	0.673
14	1	G	0.877	0.772	0.811	0.76	0.789	0.789	0.769	0.74	0.113	0.724	0.724	0.679
14	1	H	0.889	0.781	0.771	0.773	0.753	0.79	0.769	0.789	0.139	0.719	0.719	0.698
14	2	A	0.796	0.799	0.814	0.826	0.712	0.661	0.813	0.756	0.783	0.689	0.751	0.764
14	2	B	0.793	0.782	0.774	0.848	0.712	0.67	0.838	0.767	0.759	0.696	0.761	0.794
14	2	C	0.794	0.816	0.793	0.881	0.769	0.679	0.886	0.807	0.804	0.725	0.804	0.808
14	2	D	0.766	0.756	0.769	0.825	0.687	0.672	0.833	0.769	0.732	0.72	0.77	0.757
14	2	E	0.78	0.768	0.806	0.866	0.689	0.651	0.851	0.767	0.771	0.682	0.747	0.726
14	2	F	0.804	0.808	0.839	0.896	0.722	0.691	0.886	0.814	0.829	0.71	0.795	0.775
14	2	G	0.809	0.813	0.83	0.869	0.702	0.673	0.836	0.801	0.777	0.717	0.772	0.751
14	2	H	0.831	0.844	0.798	0.85	0.674	0.62	0.848	0.783	0.778	0.653	0.77	0.775
14	3	A	0.789	0.771	0.755	0.727	0.771	0.757	0.783	0.794	0.773	0.786	0.75	0.849
14	3	B	0.852	0.84	0.812	0.76	0.819	0.81	0.835	0.824	0.786	0.805	0.803	0.823
14	3	C	0.798	0.791	0.773	0.761	0.803	0.752	0.806	0.787	0.772	0.803	0.769	0.774
14	3	D	0.775	0.742	0.751	0.712	0.766	0.741	0.749	0.767	0.727	0.757	0.715	0.793
14	3	E	0.802	0.783	0.723	0.694	0.76	0.704	0.775	0.741	0.681	0.742	0.644	0.736
14	3	F	0.828	0.796	0.766	0.701	0.8	0.759	0.806	0.814	0.723	0.807	0.669	0.783
14	3	G	0.838	0.809	0.733	0.709	0.798	0.741	0.816	0.841	0.758	0.81	0.641	0.755
14	3	H	0.818	0.765	0.721	0.681	0.76	0.707	0.759	0.757	0.681	0.754	0.616	0.744
14	4	A	0.761	0.75	0.761	0.79	0.806	0.772	0.111	0.11	0.109	0.667	0.109	0.113
14	4	B	0.797	0.788	0.803	1.058	0.849	0.788	0.11	0.108	0.107	0.113	0.112	0.107
14	4	C	0.797	0.793	0.829	0.873	0.858	0.831	0.109	0.111	0.108	0.109	0.107	0.112
14	4	D	0.743	0.772	0.758	0.896	0.846	0.766	0.108	0.108	0.109	0.108	0.107	0.109
14	4	E	0.799	0.795	0.806	1.132	0.833	0.815	0.109	0.109	0.107	0.109	0.108	0.111
14	4	F	0.8	0.832	0.84	1.19	0.86	0.863	0.11	0.11	0.109	0.109	0.109	0.109
14	4	G	0.773	0.755	0.78	0.797	0.765	0.749	0.11	0.11	0.109	0.108	0.109	0.108
14	4	H	0.82	0.793	0.792	1.064	0.799	0.82	0.111	0.111	0.11	0.108	0.109	0.109
15	1	A	0.964	0.878	0.872	0.864	0.875	0.844	0.885	0.888	0.113	0.831	0.86	0.93
15	1	B	0.948	0.823	0.824	0.803	0.813	0.839	0.814	0.847	0.109	0.827	0.845	0.832
15	1	C	0.98	0.885	0.875	0.867	0.834	0.876	0.858	0.869	0.113	0.872	0.877	0.86
15	1	D	0.985	0.87	0.848	0.856	0.873	0.904	0.9	0.861	0.108	0.856	0.879	0.867
15	1	E	0.923	0.866	0.878	0.869	0.878	0.854	0.857	0.832	0.158	0.846	0.823	0.807
15	1	F	0.91	0.809	0.793	0.805	0.808	0.766	0.806	0.805	0.13	0.723	0.774	0.715
15	1	G	0.941	0.897	0.869	0.882	0.895	0.815	0.865	0.832	0.21	0.84	0.839	0.843
15	1	H	0.929	0.854	0.834	0.842	0.833	0.928	0.831	0.829	0.262	0.811	0.807	0.797
15	2	A	0.853	0.853	0.859	0.924	0.787	0.689	0.904	0.845	0.847	0.749	0.845	0.902
15	2	B	0.878	0.892	0.832	0.927	0.805	0.723	0.898	0.871	0.867	0.795	0.873	0.885
15	2	C	0.872	0.848	0.879	0.899	0.803	0.733	0.878	0.872	0.85	0.786	0.872	0.852
15	2	D	0.796	0.839	0.843	0.882	0.812	0.7	0.876	0.875	0.871	0.766	0.841	0.834
15	2	E	0.811	0.806	0.811	0.882	0.72	0.686	0.772	0.823	0.805	0.755	0.829	0.801
15	2	F	0.832	0.793	0.833	0.859	0.721	0.691	0.795	0.809	0.798	0.707	0.798	0.774
15	2	G	0.834	0.854	0.829	0.863	0.726	0.683	0.826	0.802	0.812	0.765	0.792	0.775
15	2	H	0.843	0.838	0.818	0.899	0.719	0.662	0.855	0.81	0.805	0.719	0.8	0.801
15	3	A	0.816	0.811	0.772	0.727	0.793	0.761	0.807	0.782	0.773	0.797	0.752	0.848
15	3	B	0.821	0.809	0.782	0.752	0.799	0.79	0.811	0.824	0.783	0.796	0.801	0.862
15	3	C	0.807	0.826	0.777	0.753	0.808	0.806	0.853	0.838	0.778	0.85	0.785	0.833
15	3	D	0.789	0.791	0.768	0.742	0.768	0.751	0.774	0.757	0.746	0.774	0.739	0.797
15	3	E	0.851	0.825	0.775	0.712	0.804	0.786	0.832	0.827	0.759	0.798	0.653	0.784
15	3	F	0.865	0.845	0.742	0.72	0.851	0.815	0.888	0.861	0.782	0.869	0.674	0.843
15	3	G	0.855	0.877	0.759	0.691	0.839	0.79	0.803	0.825	0.786	0.835	0.633	0.783
15	3	H	0.827	0.799	0.732	0.685	0.789	0.733	0.805	0.77	0.747	0.827	0.624	0.793
15	4	A	0.821	0.792	0.817	1.197	0.884	0.804	0.114	0.111	0.112	0.859	0.11	0.112
15	4	B	0.86	0.854	0.854	1.205	0.898	0.847	0.109	0.108	0.108	0.114	0.107	0.109
15	4	C	0.737	0.79	0.78	1.152	0.837	0.744	0.109	0.107	0.107	0.108	0.106	0.111
15	4	D	0.717	0.793	0.78	1.04	0.817	0.759	0.107	0.106	0.105	0.106	0.106	0.107
15	4	E	0.753	0.788	0.806	0.888	0.816	0.759	0.109	0.107	0.105	0.107	0.107	0.107
15	4	F	0.74	0.776	0.775	1.01	0.782	0.742	0.108	0.108	0.108	0.108	0.108	0.109
15	4	G	0.793	0.834	0.826	1.082	0.851	1.024	0.108	0.11	0.108	0.107	0.107	0.108
15	4	H	0.839	0.814	0.825	1.159	0.827	0.81	0.108	0.108	0.107	0.106	0.108	0.114
16	1	A	0.915	0.818	0.817	0.786	0.823	0.81	0.836	0.805	0.108	0.797	0.81	0.901
16	1	B	0.895	0.781	0.762	0.74	0.782	0.769	0.782	0.765	0.107	0.736	0.762	0.764
16	1	C	0.898	0.81	0.787	0.739	0.788	0.778	0.776	0.768	0.105	0.748	0.745	0.788
16	1	D	0.905	0.795	0.782	0.743	0.805	0.769	0.775	0.777	0.107	0.72	0.765	0.717
16	1	E	0.87	0.766	0.707	0.762	0.792	0.706	0.737	0.678	0.14	0.702	0.719	0.688
16	1	F	0.896	0.821	0.804	0.794	0.792	0.772	0.787	0.761	0.203	0.757	0.755	0.748
16	1	G	0.901	0.816	0.809	0.789	0.793	0.777	0.786	0.753	0.146	0.723	0.752	0.736
16	1	H	0.931	0.798	0.811	0.806	0.799	1.149	0.763	0.788	0.161	0.744	0.754	0.742
16	2	A	0.832	0.78	0.784	0.874	0.724	0.683	0.848	0.783	0.809	0.728	0.77	0.847
16	2	B	0.789	0.79	0.778	0.824	0.711	0.658	0.817	0.756	0.766	0.717	0.73	0.82
16	2	C	0.797	0.816	0.793	0.845	0.706	0.674	0.838	0.771	0.771	0.708	0.746	0.796
16	2	D	0.795	0.783	0.762	0.815	0.718	0.668	0.795	0.756	0.762	0.726	0.732	0.79
16	2	E	0.78	0.788	0.773	0.814	0.684	0.628	0.713	0.749	0.746	0.694	0.734	0.699
16	2	F	0.782	0.757	0.761	0.747	0.67	0.641	0.722	0.741	0.74	0.683	0.724	0.717
16	2	G	0.755	0.757	0.768	0.791	0.666	0.639	0.76	0.733	0.735	0.706	0.711	0.698
16	2	H	0.797	0.758	0.771	0.838	0.661	0.617	0.784	0.728	0.735	0.691	0.729	0.742
16	3	A	0.775	0.765	0.764	0.699	0.767	0.732	0.771	0.729	0.711	0.76	0.702	0.821
16	3	B	0.757	0.788	0.775	0.728	0.806	0.757	0.812	0.73	0.72	0.764	0.718	0.802
16	3	C	0.788	0.817	0.776	0.744	0.788	0.756	0.802	0.786	0.758	0.808	0.703	0.824
16	3	D	0.76	0.75	0.756	0.717	0.733	0.733	0.774	0.74	0.714	0.714	0.698	0.732
16	3	E	0.799	0.742	0.726	0.692	0.757	0.696	0.78	0.734	0.706	0.745	0.644	0.705
16	3	F	0.794	0.741	0.734	0.687	0.76	0.7	0.773	0.735	0.711	0.753	0.638	0.732
16	3	G	0.817	0.801	0.745	0.687	0.786	0.73	0.799	0.774	0.749	0.778	0.627	0.741
16	3	H	0.814	0.775	0.724	0.663	0.77	0.707	0.775	0.757	0.702	0.746	0.616	0.73
16	4	A	0.778	0.761	0.773	0.938	0.855	0.719	0.115	0.113	0.11	0.822	0.112	0.113
16	4	B	0.759	0.757	0.762	0.861	0.784	0.687	0.112	0.109	0.11	0.112	0.11	0.112
16	4	C	0.772	0.753	0.768	0.865	0.798	0.714	0.113	0.11	0.11	0.11	0.109	0.113
16	4	D	0.696	0.671	0.683	0.713	0.733	0.656	0.109	0.107	0.107	0.108	0.108	0.108
16	4	E	0.768	0.704	0.762	0.95	0.738	0.7	0.109	0.109	0.108	0.108	0.109	0.108
16	4	F	0.79	0.745	0.773	1.132	0.774	0.738	0.11	0.11	0.11	0.111	0.111	0.111
16	4	G	0.807	0.767	0.786	1.21	0.783	1.122	0.11	0.111	0.112	0.111	0.111	0.11
16	4	H	0.804	0.77	0.786	0.924	0.754	0.726	0.113	0.111	0.112	0.109	0.115	0.113
17	1	A	0.871	0.8	0.804	0.733	0.801	0.798	0.792	0.784	0.226	0.768	0.782	0.833
17	1	B	0.885	0.813	0.829	0.793	0.778	0.785	0.798	0.791	0.146	0.773	0.774	0.842
17	1	C	0.869	0.793	0.795	0.754	0.79	0.786	0.785	0.792	0.235	0.766	0.76	0.812
17	1	D	0.856	0.782	0.789	0.747	0.776	0.781	0.779	0.769	0.127	0.771	0.768	0.808
17	1	E	0.837	0.783	0.793	0.757	0.795	0.793	0.778	0.773	0.2	0.765	0.775	0.765
17	1	F	0.847	0.773	0.779	0.761	0.772	0.782	0.765	0.766	0.245	0.753	0.75	0.75
17	1	G	0.817	0.702	0.679	0.726	0.701	0.739	0.74	0.726	0.145	0.718	0.67	0.705
17	1	H	0.85	0.776	0.726	0.759	0.75	0.756	0.744	0.773	0.211	0.73	0.724	0.758
17	2	A	0.798	0.808	0.774	0.829	0.705	0.673	0.815	0.778	0.769	0.737	0.775	0.814
17	2	B	0.806	0.81	0.794	0.819	0.729	0.693	0.79	0.771	0.785	0.737	0.774	0.788
17	2	C	0.81	0.809	0.776	0.808	0.731	0.688	0.819	0.777	0.764	0.74	0.78	0.806
17	2	D	0.819	0.817	0.801	0.835	0.746	0.697	0.832	0.786	0.781	0.749	0.768	0.787
17	2	E	0.828	0.823	0.814	0.841	0.72	0.669	0.835	0.791	0.815	0.737	0.8	0.808
17	2	F	0.806	0.803	0.802	0.825	0.701	0.658	0.823	0.773	0.787	0.714	0.769	0.752
17	2	G	0.835	0.842	0.826	0.867	0.711	0.658	0.836	0.801	0.794	0.737	0.783	0.773
17	2	H	0.855	0.837	0.82	0.867	0.707	0.649	0.84	0.79	0.786	0.738	0.77	0.796
17	3	A	0.816	0.804	0.779	0.76	0.778	0.786	0.793	0.779	0.774	0.804	0.746	0.82
17	3	B	0.83	0.808	0.771	0.737	0.8	0.761	0.793	0.781	0.772	0.775	0.75	0.798
17	3	C	0.827	0.823	0.799	0.798	0.833	0.8	0.847	0.819	0.786	0.826	0.798	0.86
17	3	D	0.796	0.781	0.751	0.728	0.772	0.747	0.771	0.771	0.739	0.755	0.735	0.772
17	3	E	0.817	0.787	0.728	0.702	0.785	0.719	0.778	0.775	0.715	0.752	0.661	0.756
17	3	F	0.818	0.768	0.724	0.696	0.78	0.72	0.767	0.745	0.713	0.752	0.663	0.75
17	3	G	0.82	0.79	0.722	0.697	0.764	0.71	0.767	0.752	0.71	0.75	0.635	0.734
17	3	H	0.791	0.775	0.72	0.7	0.76	0.704	0.757	0.742	0.707	0.753	0.638	0.751
17	4	A	0.756	0.742	0.754	1.151	0.77	0.77	0.123	0.118	0.119	0.785	0.119	0.122
17	4	B	0.741	0.732	0.739	0.776	0.764	0.747	0.113	0.111	0.11	0.111	0.115	0.11
17	4	C	0.764	0.74	0.742	0.801	0.78	0.755	0.112	0.112	0.111	0.112	0.11	0.116
17	4	D	0.762	0.745	0.753	1.106	0.793	0.772	0.113	0.113	0.113	0.112	0.113	0.113
17	4	E	0.768	0.733	0.737	0.929	0.73	0.789	0.114	0.112	0.112	0.111	0.113	0.115
17	4	F	0.773	0.744	0.753	0.774	0.75	0.785	0.115	0.115	0.114	0.112	0.113	0.114
17	4	G	0.838	0.82	0.819	1.077	0.802	1.122	0.118	0.119	0.118	0.118	0.117	0.118
17	4	H	0.835	0.821	0.818	0.867	0.821	0.827	0.12	0.119	0.118	0.118	0.117	0.119
18	1	A	0.844	0.763	0.765	0.729	0.749	0.757	0.744	0.754	0.116	0.76	0.763	0.79
18	1	B	0.841	0.738	0.749	0.735	0.763	0.745	0.762	0.733	0.116	0.738	0.732	0.758
18	1	C	0.852	0.754	0.761	0.767	0.761	0.754	0.784	0.772	0.118	0.755	0.728	0.761
18	1	D	0.849	0.757	0.782	0.777	0.765	0.749	0.743	0.773	0.116	0.749	0.73	0.756
18	1	E	0.876	0.768	0.797	0.795	0.769	0.742	0.765	0.754	0.167	0.78	0.749	0.696
18	1	F	0.834	0.778	0.741	0.786	0.766	0.771	0.738	0.743	0.195	0.733	0.703	0.696
18	1	G	0.862	0.792	0.769	0.801	0.753	0.75	0.733	0.75	0.228	0.73	0.708	0.709
18	1	H	0.881	0.763	0.755	0.761	0.746	0.758	0.726	0.771	0.228	0.709	0.704	0.699
18	2	A	0.789	0.807	0.786	0.806	0.739	0.673	0.801	0.791	0.783	0.752	0.781	0.826
18	2	B	0.837	0.857	0.838	0.833	0.788	0.694	0.837	0.855	0.802	0.787	0.827	0.818
18	2	C	0.83	0.846	0.816	0.837	0.772	0.72	0.823	0.799	0.796	0.778	0.802	0.786
18	2	D	0.849	0.819	0.832	0.814	0.782	0.72	0.873	0.81	0.83	0.782	0.828	0.807
18	2	E	0.8	0.834	0.834	0.836	0.731	0.695	0.89	0.832	0.834	0.757	0.84	0.776
18	2	F	0.812	0.855	0.834	0.846	0.738	0.676	0.869	0.827	0.817	0.752	0.782	0.781
18	2	G	0.838	0.874	0.855	0.872	0.713	0.677	0.856	0.798	0.805	0.761	0.803	0.787
18	2	H	0.801	0.812	0.797	0.827	0.703	0.638	0.782	0.776	0.767	0.712	0.768	0.795
18	3	A	0.747	0.773	0.743	0.698	0.765	0.736	0.771	0.747	0.737	0.769	0.725	0.824
18	3	B	0.786	0.766	0.737	0.672	0.747	0.75	0.779	0.749	0.757	0.761	0.731	0.786
18	3	C	0.807	0.792	0.776	0.746	0.759	0.77	0.811	0.781	0.774	0.778	0.74	0.813
18	3	D	0.798	0.794	0.787	0.742	0.82	0.806	0.811	0.796	0.81	0.747	0.741	0.794
18	3	E	0.832	0.811	0.733	0.716	0.788	0.754	0.81	0.804	0.743	0.798	0.692	0.764
18	3	F	0.813	0.814	0.74	0.704	0.778	0.752	0.819	0.802	0.76	0.81	0.666	0.764
18	3	G	0.835	0.8	0.738	0.698	0.791	0.744	0.79	0.796	0.754	0.807	0.674	0.766
18	3	H	0.808	0.763	0.703	0.672	0.732	0.704	0.747	0.724	0.703	0.733	0.63	0.717
18	4	A	0.763	0.753	0.763	0.835	0.821	0.722	0.128	0.127	0.127	0.856	0.129	0.135
18	4	B	0.774	0.78	0.775	0.954	0.827	0.764	0.126	0.122	0.125	0.129	0.131	0.127
18	4	C	0.779	0.829	0.816	1.218	0.87	0.773	0.124	0.13	0.123	0.125	0.125	0.128
18	4	D	0.8	0.807	0.79	1.152	0.858	0.799	0.123	0.124	0.123	0.125	0.123	0.123
18	4	E	0.793	0.805	0.779	1.054	0.784	0.847	0.124	0.124	0.123	0.123	0.122	0.123
18	4	F	0.78	0.795	0.795	1.02	0.79	0.811	0.124	0.125	0.123	0.123	0.123	0.123
18	4	G	0.765	0.724	0.74	1.101	0.74	1.102	0.123	0.124	0.123	0.124	0.128	0.123
18	4	H	0.806	0.757	0.773	0.964	0.779	0.792	0.123	0.124	0.125	0.122	0.124	0.125
19	1	A	0.857	0.754	0.748	0.74	0.764	0.757	0.75	0.746	0.119	0.719	0.734	0.74
19	1	B	0.831	0.758	0.745	0.748	0.778	0.767	0.785	0.766	0.121	0.74	0.747	0.756
19	1	C	0.823	0.742	0.757	0.742	0.775	0.76	0.756	0.768	0.129	0.73	0.74	0.748
19	1	D	0.696	0.756	0.761	0.754	0.779	0.776	0.77	0.746	0.121	0.735	0.763	0.762
19	1	E	0.779	0.777	0.766	0.756	0.766	0.758	0.773	0.748	0.131	0.745	0.751	0.763
19	1	F	0.697	0.743	0.762	0.766	0.764	0.758	0.768	0.745	0.195	0.739	0.739	0.732
19	1	G	0.756	0.754	0.792	0.775	0.776	0.779	0.766	0.744	0.185	0.741	0.743	0.753
19	1	H	0.763	0.759	0.769	0.747	0.757	0.994	0.743	0.759	0.133	0.717	0.722	0.719
19	2	A	0.785	0.789	0.763	0.805	0.727	0.67	0.797	0.768	0.766	0.724	0.765	0.823
19	2	B	0.786	0.786	0.766	0.796	0.734	0.682	0.807	0.767	0.768	0.737	0.761	0.796
19	2	C	0.772	0.774	0.773	0.798	0.734	0.683	0.789	0.74	0.749	0.723	0.756	0.777
19	2	D	0.775	0.789	0.781	0.811	0.735	0.699	0.801	0.762	0.76	0.717	0.754	0.76
19	2	E	0.787	0.808	0.787	0.82	0.735	0.672	0.789	0.77	0.778	0.728	0.773	0.753
19	2	F	0.789	0.778	0.776	0.814	0.714	0.659	0.789	0.758	0.754	0.709	0.763	0.746
19	2	G	0.792	0.805	0.801	0.828	0.709	0.679	0.799	0.766	0.772	0.74	0.771	0.774
19	2	H	0.813	0.785	0.767	0.794	0.701	0.654	0.814	0.762	0.754	0.71	0.749	0.779
19	3	A	0.713	0.712	0.676	0.66	0.715	0.694	0.711	0.709	0.695	0.694	0.682	0.754
19	3	B	0.727	0.727	0.697	0.666	0.733	0.701	0.728	0.726	0.709	0.71	0.7	0.755
19	3	C	0.74	0.742	0.691	0.673	0.728	0.697	0.753	0.696	0.688	0.711	0.705	0.743
19	3	D	0.748	0.734	0.678	0.677	0.722	0.69	0.72	0.716	0.692	0.698	0.698	0.738
19	3	E	0.773	0.727	0.67	0.65	0.737	0.67	0.717	0.72	0.661	0.698	0.651	0.69
19	3	F	0.753	0.736	0.669	0.651	0.758	0.703	0.742	0.744	0.708	0.725	0.667	0.72
19	3	G	0.792	0.769	0.682	0.66	0.742	0.715	0.747	0.754	0.702	0.707	0.643	0.706
19	3	H	0.769	0.74	0.675	0.642	0.74	0.672	0.73	0.721	0.697	0.715	0.645	0.71
19	4	A	0.734	0.711	0.723	0.759	0.759	0.696	0.119	0.117	0.117	0.753	0.119	0.119
19	4	B	0.709	0.714	0.698	1.093	0.72	0.692	0.147	0.115	0.117	0.116	0.115	0.117
19	4	C	0.74	0.731	0.737	0.835	0.741	0.703	0.117	0.116	0.117	0.116	0.117	0.117
19	4	D	0.738	0.733	0.718	0.857	0.724	0.711	0.121	0.116	0.114	0.116	0.115	0.117
19	4	E	0.75	0.71	0.706	0.923	0.691	0.719	0.115	0.116	0.115	0.115	0.116	0.116
19	4	F	0.724	0.695	0.713	0.845	0.713	0.726	0.117	0.114	0.114	0.115	0.115	0.116
19	4	G	0.728	0.713	0.71	0.831	0.709	0.892	0.117	0.116	0.116	0.115	0.115	0.115
19	4	H	0.745	0.692	0.716	0.911	0.693	0.716	0.116	0.115	0.117	0.117	0.116	0.116
20	1	A	0.786	0.659	0.664	0.671	0.653	0.654	0.655	0.643	0.127	0.653	0.646	0.711
20	1	B	0.767	0.666	0.653	0.673	0.648	0.657	0.659	0.654	0.128	0.691	0.658	0.69
20	1	C	0.776	0.666	0.676	0.695	0.668	0.662	0.671	0.667	0.129	0.67	0.668	0.682
20	1	D	0.859	0.763	0.763	0.768	0.77	0.776	0.768	0.753	0.123	0.742	0.728	0.757
20	1	E	0.847	0.791	0.773	0.785	0.779	0.791	0.769	0.756	0.165	0.758	0.766	0.724
20	1	F	0.842	0.748	0.753	0.742	0.751	0.752	0.745	0.723	0.134	0.733	0.72	0.716
20	1	G	0.845	0.767	0.758	0.738	0.758	0.75	0.733	0.732	0.253	0.726	0.729	0.726
20	1	H	0.841	0.742	0.748	0.708	0.722	1.055	0.733	0.75	0.21	0.737	0.728	0.717
20	2	A	0.686	0.706	0.668	0.691	0.65	0.639	0.701	0.67	0.658	0.644	0.667	0.687
20	2	B	0.679	0.701	0.643	0.672	0.64	0.626	0.671	0.651	0.642	0.636	0.656	0.676
20	2	C	0.701	0.717	0.689	0.707	0.653	0.641	0.697	0.673	0.67	0.645	0.648	0.701
20	2	D	0.695	0.711	0.683	0.715	0.653	0.656	0.695	0.678	0.68	0.661	0.667	0.681
20	2	E	0.716	0.751	0.696	0.722	0.647	0.621	0.707	0.69	0.679	0.637	0.666	0.656
20	2	F	0.717	0.743	0.693	0.72	0.653	0.617	0.701	0.686	0.696	0.648	0.67	0.66
20	2	G	0.729	0.765	0.701	0.75	0.642	0.62	0.706	0.683	0.676	0.63	0.66	0.658
20	2	H	0.732	0.773	0.698	0.753	0.643	0.601	0.748	0.695	0.677	0.655	0.667	0.657
20	3	A	0.676	0.653	0.628	0.621	0.673	0.624	0.64	0.64	0.627	0.629	0.655	0.685
20	3	B	0.651	0.641	0.621	0.611	0.685	0.633	0.635	0.626	0.638	0.638	0.688	0.661
20	3	C	0.682	0.682	0.645	0.622	0.696	0.63	0.723	0.632	0.637	0.641	0.641	0.653
20	3	D	0.683	0.668	0.664	0.633	0.675	0.644	0.651	0.653	0.641	0.662	0.658	0.682
20	3	E	0.674	0.663	0.612	0.609	0.686	0.609	0.641	0.627	0.607	0.621	0.601	0.628
20	3	F	0.687	0.643	0.607	0.611	0.703	0.629	0.655	0.617	0.615	0.634	0.597	0.618
20	3	G	0.691	0.649	0.61	0.596	0.686	0.594	0.628	0.616	0.604	0.599	0.566	0.596
20	3	H	0.735	0.674	0.602	0.599	0.692	0.615	0.651	0.633	0.603	0.597	0.592	0.607
20	4	A	0.79	0.735	0.742	0.789	0.787	0.701	0.13	0.128	0.127	0.773	0.128	0.133
20	4	B	0.756	0.765	0.732	0.806	0.781	0.749	0.761	0.126	0.125	0.129	0.128	0.126
20	4	C	0.77	0.756	0.764	1.189	0.788	0.766	0.129	0.126	0.126	0.125	0.125	0.129
20	4	D	0.783	0.778	0.792	0.857	0.84	0.809	0.128	0.127	0.126	0.127	0.126	0.126
20	4	E	0.786	0.755	0.762	0.92	0.772	0.785	0.128	0.127	0.125	0.127	0.124	0.126
20	4	F	0.788	0.752	0.778	0.978	0.804	0.814	0.127	0.128	0.127	0.125	0.126	0.126
20	4	G	0.785	0.765	0.778	1.034	0.778	1.163	0.127	0.13	0.125	0.125	0.125	0.124
20	4	H	0.767	0.754	0.753	0.997	0.761	0.765	0.127	0.127	0.125	0.125	0.124	0.125